Cas592	X	Y	Xc	Yc	Height	Area	Width	Phi	Ax	BG	I	Frame	Length	Link	Valid	Z	Zc
1	99.32829	97.25191	99.36601	97.16124	1097.43481	3180.54883	217.01303	0.00000	1.00000	607.54419	3623.39526	102	1	-1	1	0	0
1	99.17436	97.62192	99.21414	97.39662	1104.40637	3161.14526	213.97870	0.00000	1.00000	629.06421	3713.39478	203	1	-1	1	0	0
1	99.48316	97.40884	99.39666	97.22523	1082.99109	4603.98193	262.20007	0.00000	1.00000	574.20374	5238.90674	304	1	-1	1	0	0
1	99.51920	97.30030	99.38767	97.15227	1254.62463	4742.20898	248.16788	0.00000	1.00000	623.50311	5161.42334	405	1	-1	1	0	0
1	99.31364	97.59618	99.26048	97.36369	1111.36292	3790.13672	235.92371	0.00000	1.00000	640.52112	4450.97119	506	1	-1	1	0	0
1	99.38068	97.44188	99.30804	97.17221	924.35565	5970.83105	324.47452	0.00000	1.00000	550.01056	6635.73584	607	1	-1	1	0	0
1	99.53173	97.60968	99.38308	97.33881	966.75983	5052.68115	296.88889	0.00000	1.00000	658.31787	5330.05322	708	1	-1	1	0	0
1	99.46225	97.42622	99.25183	97.23677	828.05341	4907.08545	310.53894	0.00000	1.00000	610.47125	5438.21973	809	1	-1	1	0	0
1	99.70340	97.30082	99.43748	97.18099	876.94495	6216.10107	332.67691	0.00000	1.00000	517.04858	6751.78613	910	1	-1	1	0	0
1	99.50385	97.46227	99.26123	97.31396	1313.05383	6026.45068	270.69592	0.00000	1.00000	572.28387	6483.90137	1011	1	-1	1	0	0
1	99.57391	97.37377	99.37524	97.25253	961.05170	7497.89893	356.60129	0.00000	1.00000	521.93250	7631.68750	1112	1	-1	1	0	0
1	99.45382	97.28098	99.27045	97.16697	1017.63538	7833.57861	354.22705	0.00000	1.00000	513.75659	7833.08594	1213	1	-1	1	0	0
1	99.56735	97.53292	99.30141	97.31425	1076.55322	5424.85645	292.51721	0.00000	1.00000	657.24213	5890.94482	1314	1	-1	1	0	0
1	99.79286	97.53557	99.44475	97.29228	1109.42590	4492.48291	258.30356	0.00000	1.00000	703.92352	5064.91211	1415	1	-1	1	0	0
1	99.54768	97.37350	99.25946	97.17474	1302.23901	5710.96289	267.29855	0.00000	1.00000	602.18378	6436.40771	1516	1	-1	1	0	0
1	99.57845	97.52306	99.28751	97.27816	864.31641	3949.16138	274.51184	0.00000	1.00000	654.22534	4449.36816	1617	1	-1	1	0	0
1	99.77625	97.56853	99.38702	97.23633	1291.99133	3381.39160	206.48145	0.00000	1.00000	687.85504	3759.62402	1718	1	-1	1	0	0
1	99.70052	97.78847	99.34386	97.30929	1123.59912	5385.79004	279.28720	0.00000	1.00000	639.57886	5919.53027	1920	1	-1	1	0	0
1	99.49615	97.54449	99.30212	97.18492	1119.89221	5512.06787	283.11493	0.00000	1.00000	619.42664	5983.33398	2122	1	-1	1	0	0
1	99.49871	97.69341	99.33679	97.29845	1070.23560	4840.59619	271.26120	0.00000	1.00000	629.50940	5617.26514	2223	1	-1	1	0	0
1	99.46663	97.65540	99.35099	97.30434	1657.75183	6610.55273	254.60316	0.00000	1.00000	601.57141	7315.71484	2324	1	-1	1	0	0
1	99.34129	97.40266	99.25849	97.15662	1601.53406	5908.54346	245.20764	0.00000	1.00000	613.18921	6180.26953	2425	1	-1	1	0	0
1	99.49825	97.53365	99.37785	97.25597	1205.49194	7225.39258	312.65338	0.00000	1.00000	559.99182	7699.20459	2526	1	-1	1	0	0
1	99.45613	97.65073	99.32328	97.24931	1006.22388	9934.74512	401.24579	0.00000	1.00000	505.99643	9434.08887	2627	1	-1	1	0	0
1	99.43363	97.78080	99.33122	97.34019	973.83862	4640.07227	281.16064	0.00000	1.00000	656.98602	5456.34961	2728	1	-1	1	0	0
1	99.39873	97.55323	99.28868	97.15862	1321.72217	6255.83203	277.80582	0.00000	1.00000	629.45435	6857.64160	2829	1	-1	1	0	0
1	99.52477	97.70175	99.30952	97.31263	938.76648	4380.26221	280.32385	0.00000	1.00000	626.64453	4855.88867	2930	1	-1	1	0	0
1	99.73000	97.60548	99.44794	97.30225	931.82349	5841.81641	319.32510	0.00000	1.00000	587.37604	6711.59717	3031	1	-1	1	0	0
1	99.45113	97.30182	99.26539	97.11523	938.98798	6234.63818	336.27637	0.00000	1.00000	621.96735	6758.81836	3132	1	-1	1	0	0
1	99.42333	97.54980	99.27928	97.29986	1237.65466	5758.16992	275.74411	0.00000	1.00000	601.46259	6612.43750	3233	1	-1	1	0	0
1	99.59496	97.60710	99.41730	97.30921	1064.89111	9823.67578	387.69437	0.00000	1.00000	487.88281	9498.93164	3334	1	-1	1	0	0
1	99.40682	97.43171	99.31591	97.17068	975.64246	6377.57080	326.41205	0.00000	1.00000	546.26270	6912.43359	3435	1	-1	1	0	0
1	99.26541	97.58422	99.23928	97.26506	1035.50366	6462.81836	318.92999	0.00000	1.00000	615.25800	6825.55225	3536	1	-1	1	0	0
1	99.48438	97.68613	99.37228	97.32281	906.76886	5020.33838	304.05569	0.00000	1.00000	593.75262	5737.18457	3637	1	-1	1	0	0
1	99.52824	97.50072	99.36643	97.20596	1113.52698	3260.30908	200.84677	0.00000	1.00000	757.13837	3654.54077	3738	1	-1	1	0	0
1	99.41736	97.49908	99.27499	97.27293	1533.40564	5726.41943	246.70885	0.00000	1.00000	611.60034	6166.99316	3839	1	-1	1	0	0
1	99.52172	97.41158	99.38631	97.21090	1191.44092	5592.83545	274.24283	0.00000	1.00000	654.32544	6042.86426	3940	1	-1	1	0	0
1	99.39146	97.48968	99.24363	97.26495	820.54883	5748.54443	303.87183	0.00000	1.00000	576.01715	6180.56934	4041	1	-1	1	0	0
1	99.60405	97.51612	99.42698	97.26723	1257.42188	4397.09424	233.39339	0.00000	1.00000	687.93610	5405.59766	4142	1	-1	1	0	0
1	99.41821	97.48059	99.26981	97.21782	984.57611	4737.71777	281.46716	0.00000	1.00000	659.22919	5152.27051	4243	1	-1	1	0	0
1	99.46726	97.58345	99.32611	97.25280	1016.68121	6174.61719	315.35477	0.00000	1.00000	581.74634	6553.34180	4344	1	-1	1	0	0
1	99.52619	97.68474	99.31877	97.29583	1010.19098	4930.96094	282.08514	0.00000	1.00000	655.44867	5542.78320	4445	1	-1	1	0	0
1	99.62517	97.60883	99.39461	97.27258	1141.75476	5620.55566	283.33176	0.00000	1.00000	623.30756	6178.31104	4546	1	-1	1	0	0
1	99.45554	97.44704	99.27254	97.16408	1127.63892	8508.86426	344.87869	0.00000	1.00000	492.67578	8687.10742	4647	1	-1	1	0	0
1	99.50999	97.64040	99.29548	97.29766	1151.60107	5108.34814	268.85138	0.00000	1.00000	676.98444	5776.38916	4748	1	-1	1	0	0
1	99.69946	97.65095	99.36790	97.30138	1326.43396	5753.97314	265.87668	0.00000	1.00000	591.16986	6479.75537	4849	1	-1	1	0	0
1	99.73113	97.45983	99.42513	97.17547	1021.72131	6162.70898	315.66495	0.00000	1.00000	570.98926	6763.27051	4950	1	-1	1	0	0
1	99.36830	97.57678	99.21718	97.29951	1069.91406	4945.67578	274.28683	0.00000	1.00000	624.96448	5495.88818	5051	1	-1	1	0	0
1	99.45158	97.50181	99.29190	97.14487	1035.16321	5269.72217	288.61383	0.00000	1.00000	601.60474	5790.88281	5152	1	-1	1	0	0
1	99.68506	97.86214	99.44702	97.37563	1048.99329	5921.30029	303.38177	0.00000	1.00000	598.32758	6219.81055	5253	1	-1	1	0	0
1	99.43874	97.72489	99.23029	97.14225	1166.70935	7736.12158	336.13724	0.00000	1.00000	554.41455	8134.63818	5354	1	-1	1	0	0
1	99.58738	98.03236	99.38343	97.44070	1000.32275	6736.35547	344.21613	0.00000	1.00000	607.70038	6986.49072	5455	1	-1	1	0	0
1	99.51402	97.57558	99.28754	97.10729	1000.65540	4563.20410	271.53622	0.00000	1.00000	608.75092	5002.22998	5556	1	-1	1	0	0
1	99.60549	97.69974	99.41637	97.37238	1268.23425	4358.05811	236.54286	0.00000	1.00000	667.50958	4999.26025	5657	1	-1	1	0	0
1	99.33937	97.33475	99.15340	97.09692	1166.52405	6498.05811	298.86252	0.00000	1.00000	549.83325	6707.16699	5758	1	-1	1	0	0
1	99.78155	97.59489	99.45576	97.31229	967.60425	5170.62305	295.27359	0.00000	1.00000	609.87634	5696.08936	5859	1	-1	1	0	0
1	99.71247	97.61387	99.34959	97.24656	1113.92969	5570.44482	285.38132	0.00000	1.00000	657.75891	6046.02734	5960	1	-1	1	0	0
1	99.55511	97.65506	99.27357	97.28268	948.02393	5667.09521	312.13443	0.00000	1.00000	611.47125	5995.21875	6061	1	-1	1	0	0
1	99.61786	97.57148	99.39130	97.27693	905.37207	6742.48486	366.90222	0.00000	1.00000	603.40851	6999.78711	6162	1	-1	1	0	0
1	99.42474	97.38408	99.26189	97.12820	1121.58362	5049.48486	273.82825	0.00000	1.00000	654.90552	5631.36230	6263	1	-1	1	0	0
1	99.49871	97.69772	99.32467	97.34345	988.41522	5249.98828	294.12360	0.00000	1.00000	593.27338	5422.16650	6364	1	-1	1	0	0
1	99.58897	97.64410	99.34676	97.22633	1304.94409	5792.88330	268.80139	0.00000	1.00000	624.06934	6517.26465	6465	1	-1	1	0	0
1	99.60569	97.69378	99.37956	97.30192	1068.65662	5261.15576	283.37088	0.00000	1.00000	628.71014	5871.24854	6566	1	-1	1	0	0
1	99.22135	97.38696	99.21851	97.15434	1196.35632	7104.01221	311.09665	0.00000	1.00000	567.63507	7493.12500	6768	1	-1	1	0	0
1	99.47332	97.62858	99.31181	97.30439	1118.72937	9578.52148	368.98697	0.00000	1.00000	501.92126	9676.96875	6869	1	-1	1	0	0
1	99.79767	97.66091	99.46540	97.26962	888.56885	5265.29004	366.19434	0.00000	1.00000	650.82806	5431.29834	6970	1	-1	1	0	0
1	99.56905	97.62164	99.24036	97.20981	1347.61523	4607.57373	236.05220	0.00000	1.00000	720.02020	5301.49707	7071	1	-1	1	0	0
1	99.69466	97.75336	99.40681	97.30701	1451.49902	7873.72168	305.01599	0.00000	1.00000	539.69824	8654.54590	7172	1	-1	1	0	0
1	99.50242	97.66285	99.29213	97.22307	1179.49048	3151.86108	199.71970	0.00000	1.00000	691.87158	3942.21045	7273	1	-1	1	0	0
1	99.45389	97.68821	99.31090	97.24174	1203.93323	6006.61475	285.03760	0.00000	1.00000	594.21057	6817.73584	7374	1	-1	1	0	0
1	99.47536	97.75557	99.29993	97.30598	1024.00427	4433.57813	267.01346	0.00000	1.00000	669.54346	4742.41357	7475	1	-1	1	0	0
1	99.61299	97.60361	99.35038	97.17405	1160.81726	5072.56250	267.46216	0.00000	1.00000	667.75012	5386.24707	7576	1	-1	1	0	0
1	99.66328	97.76629	99.36010	97.33967	1112.27771	5175.38135	275.46167	0.00000	1.00000	648.57745	5759.56543	7677	1	-1	1	0	0
1	99.58479	97.57412	99.30347	97.16679	1033.23120	5156.09375	285.37842	0.00000	1.00000	653.44086	6297.97656	7778	1	-1	1	0	0
1	99.60603	97.72540	99.32241	97.28779	1363.65259	3601.90112	207.36745	0.00000	1.00000	736.03149	4121.21484	7879	1	-1	1	0	0
1	99.65170	97.73331	99.34034	97.27847	1105.20728	4547.04150	259.15375	0.00000	1.00000	682.30176	5179.45605	7980	1	-1	1	0	0
1	99.64913	97.63302	99.35612	97.22369	1152.51099	4859.96533	262.07306	0.00000	1.00000	629.19061	5567.23682	8081	1	-1	1	0	0
1	99.53296	97.64582	99.30278	97.28763	1300.70691	4599.99316	239.89355	0.00000	1.00000	646.35352	5513.16211	8182	1	-1	1	0	0
1	99.51855	97.51311	99.30827	97.16518	1360.82483	3841.28198	214.42995	0.00000	1.00000	713.46771	4294.30518	8283	1	-1	1	0	0
1	99.58555	97.73164	99.33401	97.32722	1251.34619	6346.12695	287.39853	0.00000	1.00000	645.31964	6550.01270	8384	1	-1	1	0	0
1	99.63058	97.64722	99.35884	97.29482	1419.68945	5065.04590	235.36528	0.00000	1.00000	659.39728	5657.06982	8485	1	-1	1	0	0
1	99.55186	97.38600	99.30845	97.15097	1166.97595	5184.49023	269.19470	0.00000	1.00000	673.82025	5846.49365	8586	1	-1	1	0	0
1	99.55254	97.53141	99.23618	97.19090	1397.68896	6034.34717	266.68488	0.00000	1.00000	595.61517	6769.62061	8687	1	-1	1	0	0
1	99.92912	97.92872	99.46874	97.36020	1002.98352	4387.11084	266.72339	0.00000	1.00000	611.86694	4990.32715	8788	1	-1	1	0	0
1	99.74018	97.89214	99.32595	97.29881	943.79492	4472.03857	277.82272	0.00000	1.00000	649.10016	4960.49414	8889	1	-1	1	0	0
1	99.55699	97.66341	99.25901	97.15513	1036.74780	4575.86572	263.57986	0.00000	1.00000	684.28528	5129.86816	8990	1	-1	1	0	0
1	99.65282	97.82500	99.38475	97.28646	1201.09229	4725.65479	244.66785	0.00000	1.00000	679.18427	5446.39355	9091	1	-1	1	0	0
1	99.52019	97.84886	99.26882	97.24377	1130.63867	5088.00146	270.93918	0.00000	1.00000	642.32092	5404.97705	9192	1	-1	1	0	0
1	99.62756	97.90643	99.33453	97.31364	987.35101	4016.85791	257.46741	0.00000	1.00000	691.01233	4629.69385	9293	1	-1	1	0	0
1	99.71165	97.71325	99.37951	97.24570	1071.07471	4951.14844	274.53561	0.00000	1.00000	680.13818	5414.54541	9394	1	-1	1	0	0
1	99.58842	97.54147	99.26102	97.22120	1413.30847	4915.73389	232.78676	0.00000	1.00000	668.96710	5462.82227	9495	1	-1	1	0	0
1	99.73724	97.49153	99.47323	97.19462	1014.71802	6059.93213	319.70480	0.00000	1.00000	633.82086	6281.47852	9596	1	-1	1	0	0
1	99.29761	97.67438	99.19635	97.34711	976.20416	3752.81592	249.60008	0.00000	1.00000	656.28693	4576.82471	9697	1	-1	1	0	0
1	99.38752	97.47240	99.34257	97.25742	1295.50513	7218.87646	301.35626	0.00000	1.00000	509.59341	7412.16455	9798	1	-1	1	0	0
1	99.42101	97.24382	99.27545	97.06721	1151.89929	2875.19678	200.24144	0.00000	1.00000	660.96149	3686.96094	9899	1	-1	1	0	0
1	99.67081	97.76431	99.50188	97.35559	1125.46851	5661.93018	285.60098	0.00000	1.00000	622.65881	6308.52979	10000	1	-1	1	0	0
1	99.21729	97.87220	99.09028	97.33678	949.96155	2990.40942	226.65224	0.00000	1.00000	680.59094	3600.22754	10101	1	-1	1	0	0
1	99.72590	97.63595	99.46853	97.18295	1085.58716	5718.95117	291.62155	0.00000	1.00000	686.38733	6171.31689	10202	1	-1	1	0	0
1	99.67252	97.67632	99.29430	97.28568	1360.70898	5334.18018	254.39366	0.00000	1.00000	670.90704	6021.32373	10303	1	-1	1	0	0
1	99.75675	97.57970	99.35567	97.16348	1031.60376	4354.21875	262.30664	0.00000	1.00000	694.95111	5267.22412	10404	1	-1	1	0	0
1	99.73099	97.84203	99.34521	97.36590	949.39020	8403.56348	390.83282	0.00000	1.00000	511.14352	8436.41211	10505	1	-1	1	0	0
1	99.63569	97.64449	99.29084	97.20100	1191.11475	6241.23291	292.88034	0.00000	1.00000	605.42261	6913.43457	10606	1	-1	1	0	0
1	99.69131	97.65070	99.41782	97.28840	1263.72485	5159.57764	257.94946	0.00000	1.00000	629.21301	6084.67676	10707	1	-1	1	0	0
1	99.38274	97.50813	99.19450	97.22205	776.97296	6553.76758	390.81198	0.00000	1.00000	632.66418	6424.39746	10808	1	-1	1	0	0
1	99.61391	97.48451	99.42035	97.19608	1212.50781	4145.84619	229.67769	0.00000	1.00000	729.52283	4691.92920	10909	1	-1	1	0	0
1	99.47411	97.68822	99.24240	97.18907	1177.55994	7350.73340	322.27847	0.00000	1.00000	607.79468	7892.13281	11010	1	-1	1	0	0
1	99.68199	98.15246	99.37677	97.45364	1035.81116	11770.67969	430.54498	0.00000	1.00000	507.56360	11322.91016	11111	1	-1	1	0	0
1	99.69627	97.80282	99.37536	97.17613	763.50909	8036.22852	414.17059	0.00000	1.00000	539.45844	8379.54102	11212	1	-1	1	0	0
1	99.51878	97.75533	99.32294	97.24329	1219.42957	5573.09473	275.94330	0.00000	1.00000	659.80542	6449.86426	11313	1	-1	1	0	0
1	99.35953	97.74203	99.22803	97.33466	1102.36719	5342.66553	281.33981	0.00000	1.00000	616.12701	5653.82471	11414	1	-1	1	0	0
1	99.60622	97.39076	99.40057	97.11421	1293.94177	3608.58521	181.29153	0.00000	1.00000	703.84210	4095.94751	11515	1	-1	1	0	0
1	99.56296	97.59431	99.22446	97.33321	1085.02515	4619.41406	264.06119	0.00000	1.00000	716.80585	5481.85400	11616	1	-1	1	0	0
1	99.94253	97.47016	99.46203	97.13823	1042.37134	5672.59424	297.92065	0.00000	1.00000	586.83490	6255.12744	11717	1	-1	1	0	0
1	99.78400	97.80741	99.33574	97.37466	801.88855	5778.86084	349.36163	0.00000	1.00000	600.28436	6294.89111	11818	1	-1	1	0	0
1	99.59190	97.65052	99.27180	97.19797	1169.73999	5046.08057	265.16068	0.00000	1.00000	662.01898	5612.52539	11919	1	-1	1	0	0
1	99.62647	97.71059	99.38559	97.31282	1328.79053	6464.94043	281.49435	0.00000	1.00000	575.31689	7186.07764	12020	1	-1	1	0	0
1	99.42792	97.52328	99.24073	97.17697	1101.80640	4502.59277	257.31076	0.00000	1.00000	652.47876	4932.02930	12121	1	-1	1	0	0
1	99.58266	97.63799	99.41910	97.23223	1165.55530	6162.95361	293.36411	0.00000	1.00000	650.16577	6749.85547	12222	1	-1	1	0	0
1	99.36998	97.83530	99.24641	97.32773	831.78571	4982.87842	312.60510	0.00000	1.00000	631.39526	5456.12012	12323	1	-1	1	0	0
1	99.48717	97.72719	99.30193	97.19736	1389.50842	5655.48730	265.08206	0.00000	1.00000	603.96741	6409.81689	12424	1	-1	1	0	0
1	99.71432	97.83949	99.41712	97.30749	1020.88153	4137.01172	257.06000	0.00000	1.00000	651.73218	4587.69336	12525	1	-1	1	0	0
1	99.58357	97.72725	99.29275	97.18389	1257.01672	5373.96973	265.00436	0.00000	1.00000	631.57581	6010.60498	12626	1	-1	1	0	0
1	99.59524	97.89031	99.33530	97.32327	1134.25781	4842.12207	263.87439	0.00000	1.00000	673.96057	5279.98779	12727	1	-1	1	0	0
1	99.57857	97.76546	99.33132	97.26866	961.21503	4281.02832	264.73953	0.00000	1.00000	664.15991	4952.00391	12828	1	-1	1	0	0
1	99.54920	97.56971	99.33916	97.19369	1158.15417	3617.32739	221.14261	0.00000	1.00000	698.49353	4658.66162	12929	1	-1	1	0	0
1	99.47488	97.60759	99.25275	97.22848	1044.83081	4707.05371	270.84155	0.00000	1.00000	616.83221	5149.19580	13030	1	-1	1	0	0
1	99.70732	97.74185	99.40997	97.29871	810.29376	4698.26270	304.15775	0.00000	1.00000	617.93927	5645.51611	13131	1	-1	1	0	0
1	99.61114	97.68785	99.25568	97.24872	906.75079	4200.40332	276.88565	0.00000	1.00000	677.84528	4837.86621	13232	1	-1	1	0	0
1	99.80933	97.64577	99.42283	97.15741	1054.33765	4368.57764	259.86044	0.00000	1.00000	607.15942	5107.01563	13333	1	-1	1	0	0
1	99.62574	97.98849	99.26891	97.40411	1005.88416	6432.71436	322.90097	0.00000	1.00000	654.62915	6799.27344	13434	1	-1	1	0	0
1	99.68080	97.71703	99.34336	97.16137	1226.05774	3877.01001	225.87897	0.00000	1.00000	714.02753	4543.31201	13535	1	-1	1	0	0
1	99.67548	97.80958	99.36208	97.32623	1578.82129	5196.63672	230.98711	0.00000	1.00000	682.28833	5925.79395	13636	1	-1	1	0	0
1	99.53216	97.60072	99.29784	97.13078	790.61310	5456.52588	271.53018	0.00000	1.00000	604.14990	6347.25049	13737	1	-1	1	0	0
1	99.51019	97.88194	99.30612	97.41433	1109.28076	8639.35156	356.26953	0.00000	1.00000	562.00964	8908.76074	13838	1	-1	1	0	0
1	99.57827	97.50600	99.34259	97.13707	1458.93103	4018.38306	191.37889	0.00000	1.00000	721.77313	4543.67383	13939	1	-1	1	0	0
1	99.58938	97.59110	99.34759	97.23277	1317.05884	4750.94580	241.20462	0.00000	1.00000	667.41333	5148.66699	14040	1	-1	1	0	0
1	99.52197	97.75599	99.32738	97.33430	1036.82251	4125.24268	260.58920	0.00000	1.00000	683.23944	4696.01416	14141	1	-1	1	0	0
1	99.45691	97.58797	99.25114	97.21900	1121.58740	4554.18799	257.13004	0.00000	1.00000	709.13733	5026.56689	14242	1	-1	1	0	0
1	99.70535	97.55082	99.39763	97.20618	1097.05798	7044.47754	330.78085	0.00000	1.00000	544.51062	7418.23633	14343	1	-1	1	0	0
1	99.67587	97.69951	99.31507	97.28347	937.01984	3691.12012	253.20883	0.00000	1.00000	732.67096	3974.22803	14444	1	-1	1	0	0
1	99.69977	97.72241	99.32875	97.23801	1308.70422	5540.91602	261.08313	0.00000	1.00000	661.54181	6268.45654	14545	1	-1	1	0	0
1	99.72227	97.80251	99.30080	97.24755	1372.32385	5309.43799	246.34288	0.00000	1.00000	698.84277	5930.93066	14646	1	-1	1	0	0
1	99.85740	97.90200	99.45394	97.28999	1057.86340	8752.89453	367.22958	0.00000	1.00000	510.17136	9140.71777	14747	1	-1	1	0	0
1	99.48250	97.84811	99.22044	97.25260	1213.79700	6904.76074	301.20529	0.00000	1.00000	567.93048	7746.73584	14848	1	-1	1	0	0
1	99.54018	97.79030	99.31027	97.20449	1137.72021	4134.25635	246.86604	0.00000	1.00000	660.08057	4741.98584	14949	1	-1	1	0	0
1	99.67255	97.92482	99.34287	97.32104	993.86407	4162.21777	261.11243	0.00000	1.00000	696.94836	4649.29102	15050	1	-1	1	0	0
1	99.74812	97.77997	99.42725	97.16678	1229.70251	4940.25000	255.87968	0.00000	1.00000	667.76074	5610.98340	15151	1	-1	1	0	0
1	99.42136	97.97958	99.16585	97.35105	1335.92468	6114.24072	272.91058	0.00000	1.00000	599.87463	6694.13232	15252	1	-1	1	0	0
1	99.75092	97.77863	99.44237	97.21709	1617.64844	5753.53418	240.66037	0.00000	1.00000	673.94586	6238.35547	15353	1	-1	1	0	0
1	99.62160	97.71568	99.29121	97.22219	1167.18530	4246.57861	243.33612	0.00000	1.00000	650.90826	4820.29346	15454	1	-1	1	0	0
1	99.64101	97.77274	99.31756	97.26823	1235.54175	4959.24756	255.64763	0.00000	1.00000	636.54565	5285.35840	15555	1	-1	1	0	0
1	99.70461	97.76434	99.36382	97.23923	1099.73474	5937.52686	296.73764	0.00000	1.00000	642.02368	6259.40820	15656	1	-1	1	0	0
1	99.62450	97.80749	99.29802	97.30103	1452.95532	4252.17920	218.36739	0.00000	1.00000	666.94720	4965.31982	15757	1	-1	1	0	0
1	99.66633	97.65102	99.35130	97.16526	1011.95367	5147.01660	295.26886	0.00000	1.00000	622.07318	6180.17236	15858	1	-1	1	0	0
1	99.61510	97.84499	99.37320	97.28903	1204.30054	5320.82227	268.29553	0.00000	1.00000	663.25055	5781.73633	15959	1	-1	1	0	0
1	99.37957	97.89140	99.22219	97.30543	882.70367	5502.39844	318.74567	0.00000	1.00000	606.61768	5964.55811	16060	1	-1	1	0	0
1	99.57226	97.72031	99.33415	97.23019	1659.11047	6311.36572	248.97462	0.00000	1.00000	636.21924	6882.51904	16161	1	-1	1	0	0
1	99.74494	97.63437	99.35399	97.14232	794.47388	4332.38135	297.29892	0.00000	1.00000	629.71429	4657.14160	16262	1	-1	1	0	0
1	99.81626	97.99389	99.36771	97.36283	982.16754	3544.94849	242.00534	0.00000	1.00000	701.00818	4445.79541	16363	1	-1	1	0	0
1	99.72820	97.90800	99.28939	97.32784	1083.34302	8044.59863	346.88144	0.00000	1.00000	582.40247	8351.94043	16464	1	-1	1	0	0
1	99.79711	97.51054	99.43552	97.15893	995.82043	5596.74268	301.99994	0.00000	1.00000	634.82562	5667.36133	16565	1	-1	1	0	0
1	99.42984	97.48448	99.21602	97.15932	1206.55396	3385.37402	172.66798	0.00000	1.00000	739.68536	4285.86572	16666	1	-1	1	0	0
1	99.51331	97.83573	99.27967	97.38544	1185.91089	4887.18066	259.41684	0.00000	1.00000	671.55377	5413.15576	16767	1	-1	1	0	0
1	99.79688	97.64917	99.47905	97.13496	1214.35449	8009.97363	327.82541	0.00000	1.00000	562.45239	8360.69043	16868	1	-1	1	0	0
1	99.47096	97.93610	99.22750	97.36611	1175.86829	4799.09668	248.23572	0.00000	1.00000	720.53375	5313.66016	16969	1	-1	1	0	0
1	99.54977	97.76279	99.29833	97.12602	1187.10669	5868.39307	283.99448	0.00000	1.00000	659.42627	6447.34131	17070	1	-1	1	0	0
1	99.75244	98.09971	99.38709	97.40293	982.49750	5633.19678	302.52130	0.00000	1.00000	629.53009	6174.74561	17171	1	-1	1	0	0
1	99.71926	97.82712	99.34537	97.25066	1388.31763	6264.55811	270.94098	0.00000	1.00000	641.53815	6956.54639	17272	1	-1	1	0	0
1	99.61574	97.55410	99.30775	97.12556	1245.42859	3410.12549	210.86096	0.00000	1.00000	760.69098	4048.72754	17373	1	-1	1	0	0
1	99.59396	97.79115	99.35061	97.24864	1042.63013	5850.44238	310.13452	0.00000	1.00000	596.61914	6328.51953	17474	1	-1	1	0	0
1	99.48070	98.04632	99.24990	97.34978	957.15112	9259.76953	397.07755	0.00000	1.00000	496.44501	9092.87500	17575	1	-1	1	0	0
1	99.68504	97.90722	99.40221	97.27788	1078.89697	7449.01660	339.26819	0.00000	1.00000	595.32428	7436.89307	17676	1	-1	1	0	0
1	99.59184	97.65932	99.27646	97.23614	954.21307	3340.40845	238.73741	0.00000	1.00000	703.44965	3692.75879	17777	1	-1	1	0	0
1	99.70828	97.47076	99.36387	97.12699	912.91760	3448.98315	239.17195	0.00000	1.00000	650.46783	4565.30518	17878	1	-1	1	0	0
1	99.68190	97.78815	99.36152	97.27802	867.30603	3989.32397	271.53998	0.00000	1.00000	630.19244	4988.19092	17979	1	-1	1	0	0
1	99.51941	98.00538	99.20892	97.32580	1368.48083	5825.46338	263.37424	0.00000	1.00000	666.80487	6575.87646	18080	1	-1	1	0	0
1	99.84081	97.92547	99.43400	97.26646	1122.20337	8067.84229	342.61835	0.00000	1.00000	520.28918	8482.77051	18181	1	-1	1	0	0
1	99.73734	97.78454	99.33796	97.24303	1145.80615	7411.95557	324.80518	0.00000	1.00000	596.66876	7636.28076	18282	1	-1	1	0	0
1	99.59233	97.67696	99.31441	97.23408	1025.65613	4971.38379	281.03680	0.00000	1.00000	609.44952	5394.76465	18383	1	-1	1	0	0
1	99.50103	97.63998	99.28168	97.17098	934.85553	4297.64551	273.68582	0.00000	1.00000	707.26575	4830.35645	18484	1	-1	1	0	0
1	99.59809	97.93247	99.35973	97.34804	1031.31445	4783.48291	291.12155	0.00000	1.00000	689.71503	5543.12451	18585	1	-1	1	0	0
1	99.56880	97.83859	99.26374	97.25993	934.28290	3673.32227	253.42657	0.00000	1.00000	659.25043	4154.73926	18686	1	-1	1	0	0
1	99.80234	97.71008	99.44427	97.19617	1206.52246	5095.23047	262.30670	0.00000	1.00000	694.41418	5319.64746	18787	1	-1	1	0	0
1	99.56731	97.80640	99.24722	97.28114	978.83020	6558.02295	340.34616	0.00000	1.00000	627.26068	7077.48096	18888	1	-1	1	0	0
1	99.65836	97.78542	99.38177	97.26263	1086.90137	5502.52002	287.24075	0.00000	1.00000	632.55750	5813.06445	18989	1	-1	1	0	0
1	99.53302	97.72025	99.23814	97.22147	878.06854	4399.28662	292.67017	0.00000	1.00000	675.20972	4690.75684	19090	1	-1	1	0	0
1	99.77305	97.77798	99.37986	97.25830	1381.91895	5814.91016	261.91257	0.00000	1.00000	624.05920	6381.51807	19191	1	-1	1	0	0
1	99.80749	97.81078	99.35199	97.26279	985.03204	8383.45020	372.43011	0.00000	1.00000	518.42896	8154.27832	19292	1	-1	1	0	0
1	99.74592	97.79980	99.35158	97.21620	1091.41956	5587.69824	288.77841	0.00000	1.00000	600.68140	6072.96680	19393	1	-1	1	0	0
1	99.58808	97.93433	99.29853	97.27454	1215.75305	5450.84473	270.24982	0.00000	1.00000	628.60236	6156.93896	19494	1	-1	1	0	0
1	99.54851	97.97919	99.31108	97.30976	798.72388	4598.74121	306.10095	0.00000	1.00000	630.67047	5181.23828	19595	1	-1	1	0	0
1	99.57837	97.78886	99.33911	97.23791	1040.18506	5464.94434	292.60431	0.00000	1.00000	646.18646	6105.33838	19696	1	-1	1	0	0
1	99.56469	97.65182	99.26989	97.19530	1052.69360	4826.83789	274.49554	0.00000	1.00000	650.42365	5242.40869	19797	1	-1	1	0	0
1	99.78907	97.74302	99.34415	97.19270	952.24750	4547.64600	278.92966	0.00000	1.00000	699.64880	4974.77783	19898	1	-1	1	0	0
1	99.95326	98.07767	99.41218	97.38010	868.80560	9872.22363	418.18378	0.00000	1.00000	471.88437	9922.88867	19999	1	-1	1	0	0
1	99.77845	97.89592	99.30581	97.23066	1276.62708	5001.39111	250.76895	0.00000	1.00000	670.72949	5800.76270	20100	1	-1	1	0	0
1	99.69186	97.79720	99.37141	97.28540	1124.34766	4923.77490	267.16064	0.00000	1.00000	667.67413	5206.14648	20201	1	-1	1	0	0
1	99.42754	97.55980	99.21065	97.15035	1072.51538	5294.37988	283.60428	0.00000	1.00000	637.56885	5640.77881	20302	1	-1	1	0	0
1	99.63797	97.73203	99.38685	97.29338	1123.28430	6674.39307	313.67093	0.00000	1.00000	556.41388	7392.65088	20403	1	-1	1	0	0
1	99.61370	97.73849	99.33056	97.23244	1116.11914	5236.34912	282.46704	0.00000	1.00000	658.50220	5875.44727	20504	1	-1	1	0	0
1	99.57969	97.82451	99.30180	97.24618	1275.54700	8459.16895	328.70215	0.00000	1.00000	537.08856	8995.78613	20605	1	-1	1	0	0
1	99.65308	97.93564	99.40775	97.37164	1263.76416	4643.98535	244.56895	0.00000	1.00000	690.10480	5410.38184	20706	1	-1	1	0	0
1	99.40371	97.56042	99.19917	97.06599	1164.47815	3648.24805	216.21912	0.00000	1.00000	690.66852	4768.28711	20807	1	-1	1	0	0
1	99.67622	97.93631	99.39999	97.38400	1133.73584	4804.58350	262.33102	0.00000	1.00000	653.45319	5407.67041	20908	1	-1	1	0	0
1	99.66166	97.78073	99.36973	97.21848	1134.99670	4738.35547	260.85352	0.00000	1.00000	681.18512	5132.37207	21009	1	-1	1	0	0
1	99.47771	97.75842	99.25142	97.18870	1293.78931	4464.46924	232.22681	0.00000	1.00000	682.94812	5283.29688	21110	1	-1	1	0	0
1	99.60377	97.99361	99.35469	97.36465	1071.70801	5054.22705	276.96234	0.00000	1.00000	688.62775	6077.30615	21211	1	-1	1	0	0
1	99.62463	97.77345	99.33722	97.15462	1169.74207	4579.29346	253.15450	0.00000	1.00000	683.56213	5267.94678	21312	1	-1	1	0	0
1	99.60948	97.94587	99.31939	97.34964	1019.60345	8038.57617	358.59842	0.00000	1.00000	537.07672	8514.08398	21413	1	-1	1	0	0
1	99.63037	97.72296	99.30100	97.17025	1248.35388	4166.57373	233.22507	0.00000	1.00000	721.39453	4612.13672	21514	1	-1	1	0	0
1	99.76305	97.82877	99.41394	97.29320	1090.74023	3244.32666	219.49834	0.00000	1.00000	819.76923	3728.76929	21615	1	-1	1	0	0
1	99.54888	97.76821	99.25655	97.26231	1127.60706	3760.94434	230.79260	0.00000	1.00000	622.45038	4274.73877	21716	1	-1	1	0	0
1	99.62316	97.66399	99.33736	97.14476	1337.86401	4933.14404	245.14159	0.00000	1.00000	673.00751	5339.81250	21817	1	-1	1	0	0
1	99.66194	97.99489	99.31594	97.36691	1260.44141	7873.60107	319.03934	0.00000	1.00000	509.61783	8310.55273	21918	1	-1	1	0	0
1	99.75192	97.86320	99.41403	97.26268	1342.91223	4016.61792	220.40910	0.00000	1.00000	709.63550	4505.11230	22019	1	-1	1	0	0
1	99.49384	97.68488	99.22571	97.15145	926.06836	4988.06104	303.14221	0.00000	1.00000	676.19983	5397.00439	22120	1	-1	1	0	0
1	99.80453	98.14092	99.38868	97.38873	1069.62427	6246.29688	308.42593	0.00000	1.00000	603.70758	6586.31055	22322	1	-1	1	0	0
1	99.62863	97.48951	99.29914	97.14308	1731.40674	4637.50781	207.32477	0.00000	1.00000	698.48602	5135.84961	22524	1	-1	1	0	0
1	99.65787	97.60132	99.34902	97.23557	1064.05383	4561.13477	268.64893	0.00000	1.00000	612.90387	5167.40137	22625	1	-1	1	0	0
1	99.60309	97.78208	99.30752	97.26238	1253.60889	4202.04688	230.81219	0.00000	1.00000	708.44073	4838.97949	22726	1	-1	1	0	0
1	99.63198	97.92374	99.33608	97.29760	1228.87537	4424.88232	241.94513	0.00000	1.00000	656.54474	4867.38135	22827	1	-1	1	0	0
1	99.62966	97.88182	99.33295	97.26524	1063.34143	6522.28613	316.13885	0.00000	1.00000	546.68341	6756.91455	22928	1	-1	1	0	0
1	99.60828	97.78465	99.29224	97.19241	1378.55457	6402.11621	275.80093	0.00000	1.00000	587.43634	6885.09131	23029	1	-1	1	0	0
1	99.73359	97.92828	99.35399	97.31969	1141.30566	3388.97388	220.06255	0.00000	1.00000	689.02722	4145.31934	23130	1	-1	1	0	0
1	99.75655	97.79823	99.34370	97.17598	1312.47852	6204.99121	277.57153	0.00000	1.00000	612.87134	6879.21680	23231	1	-1	1	0	0
1	99.71709	97.97540	99.29639	97.35239	1080.92041	6900.74121	328.50241	0.00000	1.00000	618.47577	7494.10205	23332	1	-1	1	0	0
1	99.80704	97.74609	99.39595	97.15002	1447.98584	4289.22607	219.72058	0.00000	1.00000	682.07074	4632.23340	23433	1	-1	1	0	0
1	99.62273	97.92794	99.24466	97.31155	1176.30383	5647.99756	274.99496	0.00000	1.00000	619.79846	6156.03857	23534	1	-1	1	0	0
1	99.77597	97.87005	99.36711	97.20737	1187.60425	6541.87646	299.50177	0.00000	1.00000	600.43805	7207.04883	23635	1	-1	1	0	0
1	99.77389	97.99274	99.33278	97.32957	1317.32141	3728.40820	214.62350	0.00000	1.00000	684.80609	4189.84766	23736	1	-1	1	0	0
1	99.75345	97.80096	99.32630	97.17384	1185.56287	4809.16943	257.01514	0.00000	1.00000	604.90173	5470.45557	23837	1	-1	1	0	0
1	99.74072	97.92392	99.30831	97.31756	955.86029	5020.41016	292.97195	0.00000	1.00000	640.38074	5739.48145	23938	1	-1	1	0	0
1	99.80929	97.78146	99.38756	97.21707	1584.88794	5623.57666	240.33955	0.00000	1.00000	642.34534	6210.36670	24039	1	-1	1	0	0
1	99.63739	97.77827	99.31566	97.22923	970.39648	3756.52539	251.45300	0.00000	1.00000	670.56763	4203.80957	24140	1	-1	1	0	0
1	99.51359	97.86756	99.23628	97.31130	1131.47607	4440.39893	252.49998	0.00000	1.00000	676.70508	5307.37500	24241	1	-1	1	0	0
1	99.76275	97.71628	99.42588	97.20501	1102.60620	6402.73145	305.28934	0.00000	1.00000	567.18109	6904.47656	24342	1	-1	1	0	0
1	99.61870	97.75331	99.26395	97.22648	912.53900	2820.89673	223.32294	0.00000	1.00000	729.94397	3438.40283	24443	1	-1	1	0	0
1	99.73429	97.89486	99.31620	97.27891	1176.42212	5819.67041	287.94946	0.00000	1.00000	598.61066	6449.73145	24544	1	-1	1	0	0
1	99.90158	97.92909	99.42781	97.23081	1240.94568	7378.30273	311.27667	0.00000	1.00000	564.81543	7931.61426	24645	1	-1	1	0	0
1	99.66615	98.05009	99.24165	97.30173	1131.55469	6443.62891	304.46973	0.00000	1.00000	578.90308	6935.42090	24746	1	-1	1	0	0
1	99.77953	97.97020	99.36855	97.24564	872.37354	3690.00977	262.91971	0.00000	1.00000	693.81494	4185.62646	24847	1	-1	1	0	0
1	99.73094	97.91428	99.34523	97.21783	1456.67578	6311.42773	265.67810	0.00000	1.00000	602.04639	7119.83838	24948	1	-1	1	0	0
1	99.61227	97.99627	99.28588	97.29275	982.61023	6002.77100	309.66687	0.00000	1.00000	562.85229	6639.69043	25049	1	-1	1	0	0
1	99.66425	97.91326	99.35487	97.23334	1477.54187	3958.96753	208.86411	0.00000	1.00000	697.54138	4466.46533	25150	1	-1	1	0	0
1	99.60883	97.90436	99.29723	97.26413	1120.64368	7229.45020	324.25601	0.00000	1.00000	582.01886	7258.52832	25251	1	-1	1	0	0
1	99.67907	97.84538	99.32640	97.20777	1319.01282	4264.81396	229.48622	0.00000	1.00000	699.13818	4877.54736	25352	1	-1	1	0	0
1	99.75845	97.96533	99.34332	97.29757	1132.92847	4631.02051	258.12024	0.00000	1.00000	707.00439	5155.89014	25453	1	-1	1	0	0
1	99.79774	97.83738	99.29346	97.23199	1429.42529	4926.38574	236.99461	0.00000	1.00000	637.18591	5455.35010	25655	1	-1	1	0	0
1	99.95994	97.85339	99.42255	97.20370	1212.12549	6209.37109	288.89975	0.00000	1.00000	617.04102	6956.97461	25756	1	-1	1	0	0
1	99.74076	98.06644	99.24857	97.38152	876.20166	11038.33496	453.11661	0.00000	1.00000	443.06451	10493.38672	25857	1	-1	1	0	0
1	99.84249	97.75486	99.37205	97.14973	1038.20032	5916.45508	306.20853	0.00000	1.00000	605.98590	6339.35254	25958	1	-1	1	0	0
1	99.76771	97.85397	99.25674	97.28341	1144.29358	4677.91406	258.11813	0.00000	1.00000	683.52441	5166.88770	26059	1	-1	1	0	0
1	99.98338	97.82652	99.39781	97.19374	1108.74109	5523.73975	284.92593	0.00000	1.00000	632.58246	5893.44043	26160	1	-1	1	0	0
1	99.91969	98.03589	99.36648	97.33745	1310.47888	5288.28320	256.45053	0.00000	1.00000	677.74939	5859.26514	26261	1	-1	1	0	0
1	99.69891	97.90040	99.24458	97.21463	1025.32947	3975.23218	251.34837	0.00000	1.00000	701.53113	4516.72168	26362	1	-1	1	0	0
1	99.81531	97.91430	99.38167	97.21410	1015.56018	6915.03369	329.07050	0.00000	1.00000	562.04590	7336.85254	26463	1	-1	1	0	0
1	99.71624	98.08279	99.25628	97.31107	1249.72314	5543.40039	268.96176	0.00000	1.00000	659.03699	6084.07324	26564	1	-1	1	0	0
1	99.90903	98.01328	99.40998	97.24596	1205.10193	7505.31641	319.12411	0.00000	1.00000	558.91229	8475.19434	26665	1	-1	1	0	0
1	99.77238	97.96663	99.30419	97.22970	1165.04517	5900.34277	287.29010	0.00000	1.00000	615.15662	6647.08252	26766	1	-1	1	0	0
1	99.73132	98.00968	99.24534	97.28274	1130.21729	7967.22119	338.94110	0.00000	1.00000	571.09357	8504.66113	26867	1	-1	1	0	0
1	100.02797	97.92778	99.45740	97.23705	1166.61108	8521.46582	345.20871	0.00000	1.00000	547.65350	9277.66211	26968	1	-1	1	0	0
1	99.80375	97.90488	99.24359	97.24903	1103.81238	3712.01636	233.84317	0.00000	1.00000	690.52667	4422.83301	27069	1	-1	1	0	0
1	99.92064	97.89323	99.42017	97.25335	1124.99805	4272.04346	248.68369	0.00000	1.00000	700.84851	4869.78906	27170	1	-1	1	0	0
1	99.66498	97.87548	99.24080	97.17390	1384.15515	4783.04102	237.51395	0.00000	1.00000	698.42810	5225.29541	27271	1	-1	1	0	0
1	99.76119	98.17568	99.29021	97.38041	1006.00769	6505.03418	324.64365	0.00000	1.00000	576.79730	7027.06738	27372	1	-1	1	0	0
1	100.01476	97.95754	99.41666	97.19019	1073.43481	4473.13281	260.61432	0.00000	1.00000	657.64618	4885.84570	27473	1	-1	1	0	0
1	99.91283	97.98685	99.34113	97.26240	911.18811	10159.61719	426.25220	0.00000	1.00000	454.00677	9423.83008	27574	1	-1	1	0	0
1	99.75648	97.97394	99.28853	97.25259	1516.32007	4576.49951	221.42549	0.00000	1.00000	665.79517	5299.12109	27675	1	-1	1	0	0
1	99.75924	97.95799	99.31889	97.24381	1437.48962	5074.73438	239.85274	0.00000	1.00000	610.85181	5675.70508	27776	1	-1	1	0	0
1	99.80040	97.97475	99.33286	97.27419	1029.75635	7827.96875	351.97867	0.00000	1.00000	577.96338	8008.91943	27877	1	-1	1	0	0
1	99.82375	97.90093	99.28027	97.20187	995.38885	4948.37646	284.24695	0.00000	1.00000	675.47260	5512.18506	27978	1	-1	1	0	0
1	100.04353	98.02982	99.43044	97.27372	909.97693	6741.01514	355.25177	0.00000	1.00000	587.48212	7065.94531	28079	1	-1	1	0	0
1	99.85093	98.07229	99.29891	97.31260	1212.30005	6527.90674	296.23669	0.00000	1.00000	579.15491	6763.12744	28180	1	-1	1	0	0
1	99.77433	97.86794	99.28161	97.20699	1563.10547	5015.99170	228.66850	0.00000	1.00000	651.45245	5734.68848	28281	1	-1	1	0	0
1	99.88669	97.84277	99.40334	97.24976	1024.46106	7279.15430	340.29385	0.00000	1.00000	560.48267	7733.93359	28382	1	-1	1	0	0
1	99.69506	97.82584	99.27352	97.21553	1471.68591	5327.25586	242.89130	0.00000	1.00000	588.32043	5718.99023	28483	1	-1	1	0	0
1	99.72308	97.95701	99.30173	97.26955	1382.59888	4948.44873	241.48906	0.00000	1.00000	591.12762	5565.81055	28584	1	-1	1	0	0
1	99.86004	98.01881	99.36820	97.27390	1102.19092	3941.88062	241.59146	0.00000	1.00000	652.66858	4492.28467	28685	1	-1	1	0	0
1	99.83689	97.99212	99.33102	97.26256	1499.58508	6052.44092	256.15372	0.00000	1.00000	638.14850	6843.28760	28786	1	-1	1	0	0
1	99.80213	97.92141	99.32972	97.26820	1635.26831	4204.06738	204.57545	0.00000	1.00000	729.67999	4845.00000	28887	1	-1	1	0	0
1	99.76085	97.78278	99.27987	97.19380	992.77350	4093.89185	259.50983	0.00000	1.00000	673.60529	4770.86768	28988	1	-1	1	0	0
1	99.91635	97.87846	99.41635	97.21262	857.74799	4655.37598	298.05713	0.00000	1.00000	654.92474	5191.88330	29089	1	-1	1	0	0
1	99.71564	98.13644	99.27415	97.37967	1446.65015	5577.64648	250.77953	0.00000	1.00000	648.36780	6420.80713	29190	1	-1	1	0	0
1	99.73183	97.87823	99.28645	97.12556	1057.22400	7540.29199	344.62411	0.00000	1.00000	541.60370	8099.90771	29291	1	-1	1	0	0
1	99.91909	98.13044	99.38978	97.34013	1154.42517	5273.83496	272.52756	0.00000	1.00000	612.41461	5871.63672	29392	1	-1	1	0	0
1	99.85923	98.02771	99.32037	97.22063	1346.86267	5084.80029	248.04915	0.00000	1.00000	617.34796	5695.30273	29493	1	-1	1	0	0
1	99.83049	98.05052	99.36472	97.25114	1101.93677	4272.62549	251.51631	0.00000	1.00000	669.66431	4767.39063	29594	1	-1	1	0	0
1	99.65250	98.07692	99.29835	97.26065	1145.83521	5882.85156	289.43182	0.00000	1.00000	604.56500	6456.87305	29695	1	-1	1	0	0
1	99.59309	98.06816	99.25293	97.25661	1591.69800	6508.34619	258.12497	0.00000	1.00000	606.16827	7482.79297	29796	1	-1	1	0	0
1	99.84002	98.04005	99.40305	97.28379	1102.51257	6475.56738	309.32559	0.00000	1.00000	662.73053	7087.73682	29897	1	-1	1	0	0
1	99.78684	97.88124	99.30906	97.17035	1287.95679	4318.17383	233.08540	0.00000	1.00000	683.88904	4774.77393	29998	1	-1	1	0	0
1	99.81107	98.05204	99.32881	97.31754	1238.82288	9050.56348	345.98010	0.00000	1.00000	497.43011	9620.24707	30099	1	-1	1	0	0
1	99.83367	97.95847	99.32167	97.18799	1410.74683	9004.94043	322.65558	0.00000	1.00000	586.78821	9473.29688	30200	1	-1	1	0	0
1	99.88374	98.12386	99.28942	97.33303	1058.21387	6039.58789	304.98309	0.00000	1.00000	648.31183	6750.20410	30301	1	-1	1	0	0
1	100.09344	97.96156	99.41707	97.18481	1166.99377	5267.79932	271.23114	0.00000	1.00000	637.59009	5515.24805	30402	1	-1	1	0	0
1	99.94511	98.06979	99.31599	97.29324	1425.48267	7566.65625	294.18076	0.00000	1.00000	611.93353	8173.66357	30503	1	-1	1	0	0
1	99.84395	98.01154	99.31078	97.25897	956.46594	5201.30225	297.44598	0.00000	1.00000	689.05573	5707.60889	30604	1	-1	1	0	0
1	99.81223	97.92330	99.22904	97.23027	1134.85181	6819.40723	329.48520	0.00000	1.00000	599.88519	7350.86816	30705	1	-1	1	0	0
1	100.18491	97.92157	99.55296	97.21974	940.49438	3668.88135	252.09561	0.00000	1.00000	729.00592	4173.85010	30806	1	-1	1	0	0
1	99.64827	98.05108	99.20125	97.31378	1478.99609	4973.89893	233.94455	0.00000	1.00000	650.61615	5444.59619	30907	1	-1	1	0	0
1	99.61922	97.93069	99.24971	97.24071	1073.31580	5688.60889	296.86035	0.00000	1.00000	661.32562	6224.85938	31008	1	-1	1	0	0
1	99.91028	97.85358	99.42022	97.25251	1174.47314	5918.72949	286.04477	0.00000	1.00000	600.57996	6628.50098	31109	1	-1	1	0	0
1	99.83206	97.77247	99.28284	97.15208	1141.85071	4297.73975	247.55156	0.00000	1.00000	694.67023	4888.24414	31210	1	-1	1	0	0
1	99.93774	98.09706	99.37458	97.37683	1049.77515	5584.23633	294.53558	0.00000	1.00000	631.72247	6097.93994	31311	1	-1	1	0	0
1	99.85667	97.91843	99.34554	97.19181	1434.36792	5179.14209	242.16655	0.00000	1.00000	669.19324	5846.16895	31412	1	-1	1	0	0
1	99.70358	97.98141	99.24961	97.26841	1261.45618	5265.08154	258.14429	0.00000	1.00000	596.86639	6132.34033	31513	1	-1	1	0	0
1	99.86851	97.97832	99.33007	97.25036	1030.03235	9323.24902	384.34357	0.00000	1.00000	505.40057	9384.98730	31614	1	-1	1	0	0
1	100.02951	97.98148	99.37979	97.24033	1278.85645	4915.04004	250.27463	0.00000	1.00000	667.95264	5473.18408	31715	1	-1	1	0	0
1	99.98360	98.03198	99.35948	97.29536	1033.91919	6020.35010	308.05460	0.00000	1.00000	617.67749	6659.06250	31816	1	-1	1	0	0
1	99.80948	97.90617	99.28773	97.22624	1314.27258	6004.92236	272.90610	0.00000	1.00000	671.74316	6448.41895	31917	1	-1	1	0	0
1	99.79739	97.88256	99.29935	97.20941	1006.00085	5129.43311	288.27802	0.00000	1.00000	657.24829	5624.79492	32018	1	-1	1	0	0
1	99.90316	98.03188	99.41761	97.25449	1267.33179	6566.35107	290.56647	0.00000	1.00000	716.64771	6984.80762	32119	1	-1	1	0	0
1	99.64657	98.17371	99.22343	97.34658	1024.26648	7020.90088	334.22583	0.00000	1.00000	586.58301	7189.42480	32220	1	-1	1	0	0
1	99.81271	97.93205	99.38777	97.18330	1331.18396	4987.67285	247.13362	0.00000	1.00000	676.55304	5887.17383	32321	1	-1	1	0	0
1	99.73950	97.96548	99.28092	97.20846	969.80835	4942.80469	288.25146	0.00000	1.00000	681.02234	5278.44141	32422	1	-1	1	0	0
1	99.85812	98.17688	99.41339	97.37203	1104.45959	6624.03320	326.21130	0.00000	1.00000	616.05157	6849.70850	32523	1	-1	1	0	0
1	99.63184	97.90234	99.19331	97.14825	1375.26526	4339.30225	223.47607	0.00000	1.00000	656.68353	5332.91162	32624	1	-1	1	0	0
1	99.95185	98.04527	99.35858	97.25917	1191.69092	6166.03564	288.84296	0.00000	1.00000	641.24188	6653.95117	32725	1	-1	1	0	0
1	100.15473	98.16145	99.47284	97.34486	1017.13629	9112.21680	382.67325	0.00000	1.00000	511.14377	9185.40625	32826	1	-1	1	0	0
1	99.77186	97.90064	99.24946	97.18892	1288.72485	5342.14307	259.57904	0.00000	1.00000	659.65265	5950.68164	32927	1	-1	1	0	0
1	99.70297	97.89162	99.28880	97.20308	1212.08862	4557.82227	247.56192	0.00000	1.00000	649.48395	5034.90332	33028	1	-1	1	0	0
1	99.79385	98.08167	99.29915	97.27842	1394.75159	9237.31641	335.09006	0.00000	1.00000	537.80292	10484.92676	33129	1	-1	1	0	0
1	100.00549	98.16737	99.39022	97.35734	997.69507	11863.84375	439.06735	0.00000	1.00000	436.40137	11326.96582	33230	1	-1	1	0	0
1	99.96871	97.82457	99.32851	97.09257	1291.25110	5872.32813	276.31180	0.00000	1.00000	663.92670	6478.83252	33331	1	-1	1	0	0
1	99.93028	98.12508	99.25179	97.35254	1128.44507	4609.80811	258.25134	0.00000	1.00000	674.47278	5777.18066	33432	1	-1	1	0	0
1	100.20325	98.02098	99.49982	97.21849	1087.86060	4207.85059	250.58675	0.00000	1.00000	630.76227	5033.94336	33533	1	-1	1	0	0
1	99.78175	98.05115	99.17229	97.28685	1541.52820	4639.36670	221.46803	0.00000	1.00000	690.81689	5562.57764	33634	1	-1	1	0	0
1	99.98837	97.93933	99.39509	97.18462	1252.19617	6173.96387	283.64346	0.00000	1.00000	614.63885	6656.02881	33735	1	-1	1	0	0
1	99.92657	98.09985	99.29372	97.36999	1512.28345	5051.31494	233.31938	0.00000	1.00000	696.11414	5398.14453	33836	1	-1	1	0	0
1	100.00461	97.78175	99.34972	97.15430	1529.33325	7176.45752	276.16217	0.00000	1.00000	618.51831	8100.04199	33937	1	-1	1	0	0
1	99.99680	97.85555	99.34470	97.22229	1274.93628	4097.26367	228.26567	0.00000	1.00000	676.61627	4901.59326	34038	1	-1	1	0	0
1	99.92188	98.05170	99.32136	97.31954	1445.75366	6611.05762	273.01224	0.00000	1.00000	623.31384	7114.15381	34139	1	-1	1	0	0
1	99.87374	97.97584	99.34467	97.28717	1225.79187	4237.89453	237.39883	0.00000	1.00000	743.39093	4881.22656	34240	1	-1	1	0	0
1	99.75783	97.75452	99.28316	97.15180	1811.75586	6009.16797	232.46379	0.00000	1.00000	632.81317	6841.66895	34341	1	-1	1	0	0
1	99.82372	97.93726	99.33200	97.21989	1731.28198	6682.08398	250.90891	0.00000	1.00000	569.94641	7825.33984	34442	1	-1	1	0	0
1	99.87581	98.25432	99.34753	97.39511	1211.78345	7119.11182	310.93030	0.00000	1.00000	586.02502	8124.37451	34543	1	-1	1	0	0
1	99.85043	97.99340	99.23345	97.18939	1480.25195	7190.40137	281.39340	0.00000	1.00000	590.78693	7643.32861	34644	1	-1	1	0	0
1	100.21157	97.98232	99.50060	97.28766	1161.37280	6491.54102	301.82407	0.00000	1.00000	648.01703	6864.57422	34745	1	-1	1	0	0
1	99.87686	97.82511	99.21536	97.19215	1081.48413	6996.72705	324.71472	0.00000	1.00000	592.39441	7337.13965	34846	1	-1	1	0	0
1	99.99625	97.90856	99.37316	97.26507	1405.64941	6068.86523	265.23453	0.00000	1.00000	630.36786	6577.80371	34947	1	-1	1	0	0
1	99.87362	97.97141	99.24639	97.24781	1146.33508	4274.67236	246.31502	0.00000	1.00000	660.12701	4686.82666	35149	1	-1	1	0	0
1	100.14529	98.02019	99.50407	97.32253	1086.87915	7375.88574	332.57437	0.00000	1.00000	568.85406	7637.65039	35250	1	-1	1	0	0
1	99.70514	97.78175	99.17175	97.14469	1187.80981	4704.32764	253.75739	0.00000	1.00000	699.62927	5313.26807	35351	1	-1	1	0	0
1	99.89495	97.97602	99.33462	97.27445	1138.04456	5137.03809	271.27335	0.00000	1.00000	640.24902	5400.77441	35452	1	-1	1	0	0
1	100.06279	98.08221	99.37571	97.25674	1271.38123	6232.02148	282.46362	0.00000	1.00000	586.68445	7011.89063	35553	1	-1	1	0	0
1	100.04052	98.17081	99.43001	97.20904	1278.68604	7208.30762	303.45059	0.00000	1.00000	549.57233	7704.68994	35654	1	-1	1	0	0
1	99.60272	98.43615	99.14675	97.43099	783.72974	8466.03906	419.58234	0.00000	1.00000	603.96838	6423.79053	35755	1	-1	1	0	0
1	99.89691	97.97605	99.40242	97.10956	1436.27368	5786.47461	255.99046	0.00000	1.00000	628.37146	6513.71533	35856	1	-1	1	0	0
1	99.89454	98.08755	99.32359	97.31917	921.22217	4669.37305	287.57199	0.00000	1.00000	675.39294	5321.17432	35957	1	-1	1	0	0
1	99.91129	97.92684	99.32808	97.12215	1037.47449	6363.15576	316.08234	0.00000	1.00000	636.32825	6750.79395	36058	1	-1	1	0	0
1	99.92924	98.29237	99.36002	97.44094	1047.59058	7940.61182	351.53799	0.00000	1.00000	562.19275	8217.17969	36159	1	-1	1	0	0
1	99.81811	97.89385	99.26989	97.09814	1495.45422	6308.16406	262.17575	0.00000	1.00000	642.74841	6883.29150	36260	1	-1	1	0	0
1	99.94307	98.11480	99.36574	97.31136	1099.78381	7956.90869	343.29327	0.00000	1.00000	558.18201	8255.45020	36361	1	-1	1	0	0
1	99.91774	98.09760	99.22531	97.26646	1474.48059	6295.52734	263.79242	0.00000	1.00000	630.27582	6845.10449	36462	1	-1	1	0	0
1	100.31213	98.02065	99.54094	97.19552	1140.80188	15206.01855	465.69760	0.00000	1.00000	381.33548	13711.61523	36563	1	-1	1	0	0
1	99.84673	98.17224	99.16990	97.26692	1418.66931	6462.42920	272.45590	0.00000	1.00000	634.35785	7042.05176	36664	1	-1	1	0	0
1	100.01832	98.26563	99.39021	97.28426	814.27557	9148.13086	427.81448	0.00000	1.00000	504.48071	8672.98047	36765	1	-1	1	0	0
1	99.94072	98.22887	99.33280	97.32470	1262.07666	7170.82422	304.51697	0.00000	1.00000	565.85510	8287.62012	36866	1	-1	1	0	0
1	99.84315	97.89430	99.30335	97.12704	1225.19788	4977.50928	257.49332	0.00000	1.00000	626.06000	5582.49805	36967	1	-1	1	0	0
1	99.84538	98.06255	99.29630	97.33432	850.46411	4454.20264	292.15762	0.00000	1.00000	689.92737	5620.81592	37068	1	-1	1	0	0
1	99.97824	97.89789	99.32500	97.22271	1278.11694	5418.98584	262.85922	0.00000	1.00000	634.56488	5883.87988	37169	1	-1	1	0	0
1	100.12719	97.84904	99.42470	97.21980	844.89374	7773.64893	387.24448	0.00000	1.00000	516.46838	8135.29053	37270	1	-1	1	0	0
1	99.88573	97.93021	99.27496	97.22579	1164.92383	5988.45361	288.09375	0.00000	1.00000	609.34747	6710.31494	37371	1	-1	1	0	0
1	99.85706	98.11959	99.28633	97.32984	1204.61926	6236.61377	290.32327	0.00000	1.00000	612.65851	6802.53516	37472	1	-1	1	0	0
1	99.99904	97.99476	99.36768	97.13762	1300.37732	7089.33496	298.06650	0.00000	1.00000	599.23920	7709.02197	37573	1	-1	1	0	0
1	99.98314	98.33379	99.35641	97.41921	1160.42578	20076.96875	529.48810	0.00000	1.00000	207.05096	16189.72363	37674	1	-1	1	0	0
1	99.85217	97.99693	99.31678	97.11927	1601.80762	6424.82031	255.65900	0.00000	1.00000	617.85791	6973.55225	37775	1	-1	1	0	0
1	99.76553	98.19452	99.29207	97.36387	1315.38403	4431.72070	234.30246	0.00000	1.00000	686.42688	5029.32813	37876	1	-1	1	0	0
1	99.82497	97.93921	99.28053	97.21210	1623.14172	5182.01074	228.10524	0.00000	1.00000	677.12823	5581.79395	37977	1	-1	1	0	0
1	100.08051	97.84120	99.40652	97.20970	1110.97742	5654.51855	287.94894	0.00000	1.00000	637.34583	6154.35645	38078	1	-1	1	0	0
1	100.02195	97.91345	99.29855	97.17903	1448.71008	6161.00977	263.22665	0.00000	1.00000	573.16016	6882.99805	38179	1	-1	1	0	0
1	100.08362	98.28457	99.37224	97.38872	1076.13953	7601.10791	342.73911	0.00000	1.00000	509.96960	7976.75977	38280	1	-1	1	0	0
1	99.96720	98.10487	99.30694	97.20977	1019.43463	8213.55371	362.43185	0.00000	1.00000	505.82657	8181.33594	38381	1	-1	1	0	0
1	99.93556	98.09350	99.29218	97.31616	1307.20032	5546.73584	261.56781	0.00000	1.00000	593.09894	6516.52637	38482	1	-1	1	0	0
1	100.05067	97.81967	99.38834	97.12698	1169.04578	6574.35205	302.56854	0.00000	1.00000	606.65863	6980.53613	38583	1	-1	1	0	0
1	99.92306	98.05014	99.33797	97.28285	1378.48474	6637.72412	279.29529	0.00000	1.00000	610.96539	7313.86328	38684	1	-1	1	0	0
1	99.75339	98.15897	99.29257	97.28217	1065.20630	8952.50195	370.14249	0.00000	1.00000	480.37027	8932.74121	38785	1	-1	1	0	0
1	99.72607	98.14649	99.30928	97.32550	1176.60706	3917.47412	232.82172	0.00000	1.00000	731.45886	4529.52637	38886	1	-1	1	0	0
1	99.77579	97.83345	99.31683	97.10091	1351.65833	5953.97705	267.92484	0.00000	1.00000	631.37421	6596.64502	38987	1	-1	1	0	0
1	99.87332	98.13026	99.32198	97.38348	1120.84656	8634.86133	354.29211	0.00000	1.00000	518.97351	8948.66211	39088	1	-1	1	0	0
1	99.99859	97.89616	99.33146	97.12929	1005.64679	5409.71484	295.87927	0.00000	1.00000	590.29340	6172.66504	39189	1	-1	1	0	0
1	100.11347	98.15771	99.41713	97.29824	1140.97070	6178.14893	297.22464	0.00000	1.00000	598.56390	6867.90234	39290	1	-1	1	0	0
1	99.86814	98.23547	99.30864	97.30669	1553.07141	5913.09131	248.97061	0.00000	1.00000	567.30707	6872.32324	39391	1	-1	1	0	0
1	99.69804	98.09122	99.25065	97.31262	1053.34546	6024.89990	305.31274	0.00000	1.00000	607.83551	6397.11035	39492	1	-1	1	0	0
1	99.84135	97.69630	99.29594	97.03333	1221.71155	6447.10791	293.24274	0.00000	1.00000	601.45905	7010.52393	39593	1	-1	1	0	0
1	100.11958	98.18540	99.40719	97.41159	1114.53918	4672.58496	261.10046	0.00000	1.00000	693.11945	5051.01367	39694	1	-1	1	0	0
1	100.08146	98.03273	99.42317	97.20655	941.33350	5159.73730	298.24039	0.00000	1.00000	620.94263	5719.43457	39795	1	-1	1	0	0
1	99.65539	98.06208	99.13567	97.30668	1180.88599	4526.50049	249.82928	0.00000	1.00000	632.03412	5031.14795	39896	1	-1	1	0	0
1	100.00674	97.86852	99.48630	97.19107	1449.99988	5772.29297	254.71809	0.00000	1.00000	635.82776	6003.30811	39997	1	-1	1	0	0
1	99.72040	97.91929	99.18378	97.23902	1284.18335	5976.99219	275.71280	0.00000	1.00000	656.18427	6283.39355	40098	1	-1	1	0	0
1	100.01801	98.02367	99.39294	97.32054	1212.17578	7908.53955	326.63120	0.00000	1.00000	536.91003	8410.24902	40199	1	-1	1	0	0
1	100.05785	97.85007	99.32189	97.17661	1037.30652	6370.89453	316.37183	0.00000	1.00000	628.88013	6560.99902	40300	1	-1	1	0	0
1	100.12462	97.98022	99.34488	97.30849	1332.33020	5313.61572	254.89185	0.00000	1.00000	654.09827	6037.54150	40401	1	-1	1	0	0
1	100.12507	97.88206	99.35976	97.18670	995.92242	5198.89941	291.65543	0.00000	1.00000	600.27417	6141.14551	40502	1	-1	1	0	0
1	99.99714	98.04804	99.33529	97.35495	1079.56665	6121.21289	304.03925	0.00000	1.00000	585.04913	6690.77344	40603	1	-1	1	0	0
1	99.83808	97.79688	99.24885	97.19402	1485.69653	3971.83032	208.80664	0.00000	1.00000	695.23810	4410.04736	40704	1	-1	1	0	0
1	100.00002	97.77688	99.38316	97.15167	1121.38269	3550.21460	227.07544	0.00000	1.00000	747.01385	3836.65552	40805	1	-1	1	0	0
1	99.94135	98.16550	99.31024	97.37212	1188.45715	4638.06787	252.19206	0.00000	1.00000	671.96503	5063.87451	40906	1	-1	1	0	0
1	99.95514	98.07144	99.33183	97.21510	1428.73779	5167.99072	242.69395	0.00000	1.00000	634.92621	5960.84473	41007	1	-1	1	0	0
1	99.95475	98.12566	99.33699	97.29019	1381.58728	7648.77539	300.41208	0.00000	1.00000	600.68176	8074.95605	41108	1	-1	1	0	0
1	99.91885	98.02474	99.30883	97.24715	1053.72388	4025.91064	249.33617	0.00000	1.00000	661.19720	4724.06787	41209	1	-1	1	0	0
1	99.96166	97.94121	99.34374	97.17369	1043.04858	7164.58203	334.57593	0.00000	1.00000	594.81702	7475.57275	41310	1	-1	1	0	0
1	99.94228	98.17517	99.33098	97.41610	1039.70874	8245.08887	359.56961	0.00000	1.00000	554.62103	8442.47461	41411	1	-1	1	0	0
1	99.91157	97.74382	99.27171	97.07467	1034.80518	4220.66846	257.71509	0.00000	1.00000	630.57367	4569.65918	41512	1	-1	1	0	0
1	100.11112	98.02703	99.45304	97.34491	1244.75403	6549.47803	292.85574	0.00000	1.00000	583.87231	7338.19238	41613	1	-1	1	0	0
1	99.80564	97.93644	99.16466	97.18829	1007.60571	5518.60693	296.18802	0.00000	1.00000	603.28583	6289.85449	41714	1	-1	1	0	0
1	100.16176	98.10364	99.41228	97.35192	1222.11401	9218.79688	351.38681	0.00000	1.00000	532.82697	9534.32617	41815	1	-1	1	0	0
1	100.18232	97.86609	99.33246	97.15073	1380.66187	4872.15381	239.79527	0.00000	1.00000	664.03741	5324.06250	41916	1	-1	1	0	0
1	100.18630	98.03660	99.31357	97.27592	1032.95679	5965.57324	302.46710	0.00000	1.00000	590.56458	6465.88574	42017	1	-1	1	0	0
1	100.25045	98.11257	99.43224	97.33809	824.62402	6328.46484	349.42346	0.00000	1.00000	600.05756	6596.56104	42118	1	-1	1	0	0
1	99.89172	97.83838	99.20644	97.06737	988.72229	6007.61230	314.68500	0.00000	1.00000	542.82678	6176.32861	42219	1	-1	1	0	0
1	100.02303	98.31171	99.37272	97.48758	1171.99646	4620.98633	253.30090	0.00000	1.00000	662.37952	5314.51221	42320	1	-1	1	0	0
1	99.97569	97.83286	99.31358	97.06511	1205.87805	4919.35059	257.89450	0.00000	1.00000	636.95758	5719.06055	42421	1	-1	1	0	0
1	99.98743	98.10661	99.32487	97.35862	1043.20264	6284.63477	313.35245	0.00000	1.00000	619.63330	6909.16748	42522	1	-1	1	0	0
1	100.01334	97.95042	99.30341	97.13550	1054.64111	4777.07324	271.68887	0.00000	1.00000	677.85858	5182.53369	42623	1	-1	1	0	0
1	100.14130	98.26613	99.45002	97.39667	1115.47144	8728.35156	357.10559	0.00000	1.00000	500.86993	8643.25195	42724	1	-1	1	0	0
1	99.77511	97.99747	99.14583	97.19901	1453.68884	6185.02295	263.32605	0.00000	1.00000	580.31323	6695.16895	42825	1	-1	1	0	0
1	100.14612	97.93927	99.39938	97.21953	1156.62305	5943.23242	289.62247	0.00000	1.00000	588.03650	6749.08545	42926	1	-1	1	0	0
1	100.23456	98.01202	99.38519	97.29873	970.11108	7620.73926	346.99411	0.00000	1.00000	593.23199	7937.20020	43027	1	-1	1	0	0
1	100.09263	97.89517	99.31997	97.19941	1417.23035	4423.08887	225.61769	0.00000	1.00000	695.33746	4837.56152	43128	1	-1	1	0	0
1	99.98180	97.99018	99.28397	97.22333	1152.14124	4659.21533	256.53415	0.00000	1.00000	671.94763	5231.30908	43229	1	-1	1	0	0
1	100.04962	98.20374	99.36240	97.36941	974.16583	5210.13135	295.36279	0.00000	1.00000	628.61578	5626.60352	43330	1	-1	1	0	0
1	99.97962	97.94210	99.28172	97.13454	1276.85938	8686.01953	333.01993	0.00000	1.00000	554.67529	9156.11719	43431	1	-1	1	0	0
1	100.09825	98.15414	99.35966	97.32472	1152.32288	5134.48633	269.38882	0.00000	1.00000	648.21130	5468.71924	43532	1	-1	1	0	0
1	100.09128	98.07330	99.34279	97.26470	1341.03479	7357.31494	299.06482	0.00000	1.00000	642.28778	7786.80566	43633	1	-1	1	0	0
1	100.02502	97.93861	99.36071	97.23554	1030.20764	4277.91211	260.14334	0.00000	1.00000	663.02368	4875.40625	43734	1	-1	1	0	0
1	99.82514	97.86799	99.24052	97.24152	1081.72827	3987.01489	245.09007	0.00000	1.00000	695.83081	4375.22949	43835	1	-1	1	0	0
1	99.97939	97.83832	99.36250	97.16293	1327.24268	6217.54980	278.75674	0.00000	1.00000	616.68756	6754.81104	43936	1	-1	1	0	0
1	99.99714	98.17113	99.26514	97.30699	1326.57251	6230.85938	276.67569	0.00000	1.00000	583.30878	6683.28271	44037	1	-1	1	0	0
1	100.27294	98.28590	99.45105	97.34945	930.49567	10112.10352	420.92758	0.00000	1.00000	455.60898	9685.77539	44138	1	-1	1	0	0
1	100.05337	98.00492	99.32645	97.20140	798.36945	5801.73926	330.52795	0.00000	1.00000	550.24274	6635.93262	44239	1	-1	1	0	0
1	99.83688	97.92439	99.25305	97.21667	1661.48779	5896.38135	240.42352	0.00000	1.00000	656.32678	6626.82861	44340	1	-1	1	0	0
1	99.92307	97.98601	99.33027	97.25967	1186.99426	6927.27051	308.39801	0.00000	1.00000	572.72760	7409.80811	44441	1	-1	1	0	0
1	100.00294	98.01722	99.39378	97.25735	1171.44116	7227.62305	317.10138	0.00000	1.00000	587.26880	7726.28027	44542	1	-1	1	0	0
1	99.81716	98.02686	99.22706	97.25940	942.98254	6432.25293	333.75052	0.00000	1.00000	591.80878	7291.77881	44643	1	-1	1	0	0
1	100.04075	98.00612	99.39933	97.25921	1180.43091	3638.81641	224.13660	0.00000	1.00000	716.35156	4033.20898	44744	1	-1	1	0	0
1	99.97897	97.95515	99.32913	97.23470	1063.03064	6147.64160	309.00305	0.00000	1.00000	640.16949	6616.76074	44845	1	-1	1	0	0
1	99.91250	97.97340	99.25098	97.20654	1878.40002	5394.24805	216.28563	0.00000	1.00000	675.17676	6029.58105	44946	1	-1	1	0	0
1	100.16016	98.17714	99.42320	97.29575	993.43292	9615.25000	397.16550	0.00000	1.00000	500.03748	9068.06152	45047	1	-1	1	0	0
1	100.02552	98.20607	99.33985	97.29993	1105.87598	8397.96680	351.82745	0.00000	1.00000	509.41782	8888.55469	45148	1	-1	1	0	0
1	99.84101	98.03958	99.20849	97.17262	1179.98584	4038.17871	235.67947	0.00000	1.00000	644.70154	4663.45947	45249	1	-1	1	0	0
1	100.14169	98.19332	99.40604	97.31815	1161.91699	6366.32764	298.88565	0.00000	1.00000	579.19543	6680.11230	45350	1	-1	1	0	0
1	100.13117	98.07985	99.35017	97.21227	1167.44739	6173.34912	293.63196	0.00000	1.00000	566.79980	6731.00488	45451	1	-1	1	0	0
1	100.03119	98.12586	99.30569	97.21130	1066.15808	9701.72559	385.09537	0.00000	1.00000	484.74115	9748.47363	45552	1	-1	1	0	0
1	100.02142	98.33849	99.26101	97.39755	985.91125	9251.59766	391.11234	0.00000	1.00000	517.68066	8975.98145	45653	1	-1	1	0	0
1	100.28601	97.96105	99.38953	97.14738	881.91174	7594.22314	374.68625	0.00000	1.00000	526.32001	7637.00195	45754	1	-1	1	0	0
1	100.30608	98.00254	99.40252	97.26737	1000.78271	6484.67383	324.93448	0.00000	1.00000	578.99438	7004.14063	45855	1	-1	1	0	0
1	100.02363	97.98177	99.23048	97.23566	1005.96637	5809.66211	306.79068	0.00000	1.00000	638.22150	6314.46240	45956	1	-1	1	0	0
1	100.13461	98.02684	99.38254	97.20882	1279.52258	6232.17773	281.74371	0.00000	1.00000	584.84381	6784.90479	46057	1	-1	1	0	0
1	100.02646	98.24863	99.28366	97.37405	1039.65393	6961.67529	330.17508	0.00000	1.00000	522.96643	7456.83936	46158	1	-1	1	0	0
1	100.09825	97.97647	99.32571	97.17889	1183.32483	8381.19922	339.68927	0.00000	1.00000	527.92517	8945.87109	46259	1	-1	1	0	0
1	100.18205	97.99677	99.36462	97.26941	1015.34106	8934.61230	378.69934	0.00000	1.00000	516.25500	8729.62500	46360	1	-1	1	0	0
1	100.11928	97.94606	99.30624	97.14709	1182.36829	8508.43848	342.45920	0.00000	1.00000	562.26276	8622.42871	46461	1	-1	1	0	0
1	100.14524	98.32209	99.35508	97.40101	1196.68335	6951.46338	307.82114	0.00000	1.00000	592.75629	7506.09277	46562	1	-1	1	0	0
1	100.06243	98.09727	99.29153	97.26176	1248.14612	5337.59375	264.09430	0.00000	1.00000	623.27332	5999.16699	46663	1	-1	1	0	0
1	100.12798	97.82772	99.36908	97.13254	1196.15063	5750.27637	280.06723	0.00000	1.00000	646.65198	6051.70068	46764	1	-1	1	0	0
1	100.02840	98.03986	99.26900	97.27596	1317.53333	6227.29736	277.54449	0.00000	1.00000	581.04895	6591.77441	46865	1	-1	1	0	0
1	100.16878	98.15815	99.39468	97.30437	1267.35315	6386.44385	287.60562	0.00000	1.00000	641.11005	6894.25098	46966	1	-1	1	0	0
1	100.04108	98.06474	99.28313	97.17682	1176.41260	5303.85889	271.05981	0.00000	1.00000	648.39862	5915.03467	47067	1	-1	1	0	0
1	100.09514	98.27586	99.35841	97.36063	1292.34302	6844.33936	293.55008	0.00000	1.00000	554.45367	7484.65820	47168	1	-1	1	0	0
1	100.02741	98.04754	99.25534	97.15382	1570.56860	5486.64990	238.60643	0.00000	1.00000	604.48431	5986.89404	47269	1	-1	1	0	0
1	100.25601	98.21489	99.41269	97.31174	1068.29895	11780.80273	430.00363	0.00000	1.00000	429.05515	11247.62109	47370	1	-1	1	0	0
1	100.14481	98.14146	99.31496	97.22499	1173.03552	8890.39551	351.47211	0.00000	1.00000	521.93201	9220.70215	47471	1	-1	1	0	0
1	100.08577	98.17639	99.31491	97.35403	1173.88110	6708.01172	305.79675	0.00000	1.00000	578.71106	7478.22559	47572	1	-1	1	0	0
1	100.08013	97.79527	99.35355	97.08525	1185.10071	4176.68652	239.53091	0.00000	1.00000	706.41730	4621.56738	47673	1	-1	1	0	0
1	99.97130	98.08655	99.31672	97.36417	1228.31165	6959.30713	305.47845	0.00000	1.00000	549.49243	7460.68750	47774	1	-1	1	0	0
1	99.90749	97.92558	99.28199	97.12916	1452.41296	5041.36133	237.74936	0.00000	1.00000	617.41547	6009.61328	47875	1	-1	1	0	0
1	100.03135	98.26227	99.33768	97.36881	1156.54041	6931.96094	312.90271	0.00000	1.00000	583.18018	7426.49756	47976	1	-1	1	0	0
1	100.11943	98.12870	99.37766	97.24667	1545.60229	5822.73926	247.80521	0.00000	1.00000	641.37238	6600.69043	48077	1	-1	1	0	0
1	100.00781	98.01383	99.24361	97.17600	1653.24670	6161.33203	246.45717	0.00000	1.00000	636.34912	6968.27197	48178	1	-1	1	0	0
1	100.23949	98.20641	99.42455	97.31407	1193.56396	5505.18311	274.48410	0.00000	1.00000	673.59601	6195.09961	48279	1	-1	1	0	0
1	100.08303	98.14919	99.27235	97.26846	865.89520	4302.64014	284.38354	0.00000	1.00000	649.21521	4910.61768	48380	1	-1	1	0	0
1	100.15169	98.02329	99.33810	97.19759	958.15381	7996.19043	368.90482	0.00000	1.00000	512.98822	7854.29346	48481	1	-1	1	0	0
1	100.18169	98.11650	99.35908	97.32066	954.27466	5627.82520	310.37604	0.00000	1.00000	634.37732	5969.56689	48582	1	-1	1	0	0
1	100.08668	97.93105	99.32326	97.14679	1022.44696	6920.67969	332.11331	0.00000	1.00000	596.36615	7148.84619	48683	1	-1	1	0	0
1	100.01028	98.17080	99.33948	97.31085	1079.91394	5671.05664	292.53128	0.00000	1.00000	644.42194	6040.45166	48784	1	-1	1	0	0
1	99.88670	98.17485	99.22902	97.24683	1099.24817	3025.90210	211.81293	0.00000	1.00000	687.87769	3474.05688	48885	1	-1	1	0	0
1	100.16574	98.19971	99.37912	97.30167	945.60522	5570.99316	314.19525	0.00000	1.00000	590.42334	6128.41650	48986	1	-1	1	0	0
1	100.24299	98.02198	99.36205	97.15262	1249.77600	6056.55371	281.04083	0.00000	1.00000	597.73901	6611.52637	49087	1	-1	1	0	0
1	100.18402	98.24583	99.33974	97.31006	930.30029	5846.83691	320.38867	0.00000	1.00000	628.69427	6122.64307	49188	1	-1	1	0	0
1	100.07716	98.23690	99.31174	97.33038	978.45337	4849.63135	284.42465	0.00000	1.00000	635.36853	5504.78857	49289	1	-1	1	0	0
1	100.03568	97.90759	99.37148	97.16975	1180.01697	5767.71582	287.14230	0.00000	1.00000	609.80426	6739.89551	49390	1	-1	1	0	0
1	99.81711	97.90691	99.26611	97.22416	1273.77100	3997.15601	225.74667	0.00000	1.00000	685.53815	4683.54443	49491	1	-1	1	0	0
1	99.84789	98.01946	99.30677	97.28586	1605.70923	4143.41406	205.04698	0.00000	1.00000	670.65820	4843.54883	49592	1	-1	1	0	0
1	99.96712	97.99574	99.30029	97.25610	1178.43835	4728.38086	255.74678	0.00000	1.00000	658.27216	5511.19434	49693	1	-1	1	0	0
1	100.20303	97.95443	99.46392	97.23832	946.71802	12242.83105	458.19800	0.00000	1.00000	421.18295	11386.42773	49794	1	-1	1	0	0
1	99.89024	97.96774	99.16943	97.22964	1292.14893	4188.64990	230.02522	0.00000	1.00000	651.48553	4861.86182	49895	1	-1	1	0	0
1	100.21941	98.07221	99.43596	97.30191	1005.74060	5335.90576	293.87219	0.00000	1.00000	650.49207	5921.69824	49996	1	-1	1	0	0
1	100.11589	97.97475	99.28784	97.20274	1082.04700	8069.64355	348.63849	0.00000	1.00000	539.78339	8418.41504	50097	1	-1	1	0	0
1	100.17534	98.07594	99.35431	97.27670	1174.50281	5756.51904	282.85345	0.00000	1.00000	576.42224	6557.44189	50198	1	-1	1	0	0
1	100.12981	98.07800	99.30429	97.25890	1187.67957	7318.12109	317.00046	0.00000	1.00000	597.33435	7586.64111	50299	1	-1	1	0	0
1	100.18129	98.05157	99.28916	97.20572	1532.26196	7695.04834	286.03522	0.00000	1.00000	598.42181	8075.45459	50400	1	-1	1	0	0
1	100.39350	98.21309	99.50387	97.29969	1005.95001	7843.83887	356.14041	0.00000	1.00000	592.08105	8043.97168	50501	1	-1	1	0	0
1	99.89351	98.18288	99.13580	97.26566	1348.32776	4509.35205	233.29105	0.00000	1.00000	634.50366	5048.40625	50602	1	-1	1	0	0
1	100.16896	98.09594	99.42422	97.19304	1166.34546	3129.85425	209.12631	0.00000	1.00000	707.28619	4713.84521	50703	1	-1	1	0	0
1	100.05854	98.24748	99.29808	97.31745	1349.36768	6484.03564	279.84515	0.00000	1.00000	600.86359	6792.41016	50804	1	-1	1	0	0
1	100.06918	98.13462	99.34438	97.25010	1288.37354	7666.01270	311.42227	0.00000	1.00000	532.74146	8126.46582	50905	1	-1	1	0	0
1	100.01437	98.02685	99.26358	97.15408	1475.60852	4809.41016	230.11398	0.00000	1.00000	671.79901	5449.02686	51006	1	-1	1	0	0
1	100.22253	98.31609	99.41285	97.34727	1291.43359	8379.52832	325.29471	0.00000	1.00000	561.44922	8868.76953	51107	1	-1	1	0	0
1	100.08984	98.22202	99.29949	97.23454	1174.20508	6754.01123	306.39905	0.00000	1.00000	577.36084	7388.97900	51208	1	-1	1	0	0
1	100.07199	98.19689	99.32298	97.30121	1301.20898	6045.00244	276.96423	0.00000	1.00000	610.44952	6894.75977	51309	1	-1	1	0	0
1	100.07544	97.97006	99.29604	97.11666	1468.47864	6258.97900	263.53439	0.00000	1.00000	603.13977	6738.50586	51410	1	-1	1	0	0
1	100.21055	98.29057	99.35161	97.35170	933.24219	4540.39258	281.65601	0.00000	1.00000	616.21716	5216.56885	51511	1	-1	1	0	0
1	100.25325	98.21032	99.42297	97.25537	1116.99646	6072.08643	298.11267	0.00000	1.00000	596.74841	6869.28955	51612	1	-1	1	0	0
1	99.91047	98.11432	99.19435	97.26478	1454.85522	5301.92285	243.87460	0.00000	1.00000	571.76135	5827.96826	51713	1	-1	1	0	0
1	100.10737	97.96386	99.39268	97.17436	1176.44580	9251.62402	357.71982	0.00000	1.00000	540.33655	9669.58594	51814	1	-1	1	0	0
1	100.04551	98.12682	99.27569	97.34324	1517.31714	4911.51611	229.71060	0.00000	1.00000	698.37122	5456.71973	51915	1	-1	1	0	0
1	100.19706	97.92037	99.38079	97.15712	1041.67969	4948.11914	279.59335	0.00000	1.00000	628.57050	5481.73779	52016	1	-1	1	0	0
1	100.13744	98.09658	99.30894	97.33486	1169.60669	9465.85742	363.22000	0.00000	1.00000	510.29996	9640.50098	52117	1	-1	1	0	0
1	100.15560	97.93781	99.29655	97.16028	1587.29163	5169.75342	230.02209	0.00000	1.00000	647.73608	5908.59766	52218	1	-1	1	0	0
1	100.30364	98.14977	99.40423	97.34451	1284.05786	6382.91846	284.62732	0.00000	1.00000	586.92725	6703.82080	52319	1	-1	1	0	0
1	100.14480	97.98813	99.29839	97.19946	1031.52002	4166.62305	256.31882	0.00000	1.00000	669.00696	4772.82617	52420	1	-1	1	0	0
1	100.10480	98.03724	99.23987	97.22363	1077.98755	8860.85547	366.20160	0.00000	1.00000	471.01666	8943.58398	52521	1	-1	1	0	0
1	100.42484	98.20275	99.49426	97.30674	917.27478	9849.15527	389.74051	0.00000	1.00000	461.84723	10031.81934	52622	1	-1	1	0	0
1	100.07409	98.14783	99.22424	97.24586	1083.75647	7112.66943	326.88107	0.00000	1.00000	537.46521	7703.36963	52723	1	-1	1	0	0
1	100.14088	98.11649	99.36365	97.22713	1216.60864	7631.77344	319.74313	0.00000	1.00000	616.16669	7888.83301	52824	1	-1	1	0	0
1	100.06477	98.18564	99.30798	97.31132	863.98016	4585.42334	292.23648	0.00000	1.00000	644.92279	5092.93213	52925	1	-1	1	0	0
1	100.07001	98.01375	99.29602	97.24044	1193.66052	6040.89307	287.18472	0.00000	1.00000	529.29163	7082.70850	53026	1	-1	1	0	0
1	100.20707	97.88519	99.34635	97.21712	1263.04749	6173.29004	282.21326	0.00000	1.00000	593.30261	6629.43457	53127	1	-1	1	0	0
1	100.27319	97.89599	99.35983	97.21783	1287.37598	5856.10449	272.27689	0.00000	1.00000	666.60205	6490.95068	53228	1	-1	1	0	0
1	100.21196	98.04607	99.29505	97.29323	1403.64868	5997.18799	263.89066	0.00000	1.00000	585.66730	6683.31738	53329	1	-1	1	0	0
1	100.28515	98.03056	99.34789	97.24889	1217.91638	8911.44336	345.35059	0.00000	1.00000	513.10828	9015.29102	53430	1	-1	1	0	0
1	100.27988	98.02702	99.30058	97.22048	1402.13867	5828.49072	260.27625	0.00000	1.00000	608.53033	6420.74170	53531	1	-1	1	0	0
1	100.38760	98.15166	99.39121	97.27132	1094.26147	5222.38672	285.68469	0.00000	1.00000	712.31055	5733.23633	53632	1	-1	1	0	0
1	100.24072	98.19957	99.31223	97.25790	1308.66370	6585.19141	286.29196	0.00000	1.00000	571.82599	7231.35010	53733	1	-1	1	0	0
1	100.15646	98.22399	99.30194	97.34904	1452.36926	4845.16455	232.75841	0.00000	1.00000	627.05530	6059.61768	53834	1	-1	1	0	0
1	100.17804	97.85251	99.31676	97.08788	1070.07275	4768.03711	269.58240	0.00000	1.00000	637.20392	5341.90186	53935	1	-1	1	0	0
1	100.24715	98.14289	99.34872	97.36578	1067.12659	10741.41699	387.47552	0.00000	1.00000	505.39368	10392.15820	54036	1	-1	1	0	0
1	100.23428	97.97443	99.31692	97.19626	1101.48022	6203.34912	301.52051	0.00000	1.00000	593.64001	6923.99951	54137	1	-1	1	0	0
1	100.26758	98.02968	99.34081	97.24447	1038.62463	9478.38574	385.66296	0.00000	1.00000	488.41138	9416.71582	54238	1	-1	1	0	0
1	100.25045	98.11639	99.35230	97.31379	1302.26501	5103.14355	252.77728	0.00000	1.00000	637.29376	5593.65771	54339	1	-1	1	0	0
1	100.13499	97.95234	99.25844	97.12141	1601.66846	4908.58594	223.50511	0.00000	1.00000	745.73450	5453.63379	54440	1	-1	1	0	0
1	100.30228	98.31753	99.37731	97.40281	1260.48706	3898.67480	224.49342	0.00000	1.00000	710.87561	4412.10986	54541	1	-1	1	0	0
1	100.27290	98.07428	99.32559	97.18005	1259.82104	5372.59082	263.63849	0.00000	1.00000	650.96851	6106.78320	54642	1	-1	1	0	0
1	100.25396	98.11938	99.27228	97.27567	1154.70154	6743.32178	308.54193	0.00000	1.00000	572.62152	7009.46387	54743	1	-1	1	0	0
1	100.46323	98.06843	99.40606	97.24792	1121.05359	7690.54150	334.37497	0.00000	1.00000	538.04260	8164.93506	54844	1	-1	1	0	0
1	100.35938	98.03271	99.35307	97.22541	1191.20557	4899.33447	258.97205	0.00000	1.00000	628.09167	5324.70801	54945	1	-1	1	0	0
1	100.15231	98.10441	99.27582	97.24505	1108.80774	4686.33691	262.60767	0.00000	1.00000	664.37775	5132.55811	55046	1	-1	1	0	0
1	100.15520	98.20554	99.27900	97.29048	1263.55542	7579.36865	313.26132	0.00000	1.00000	577.90710	8170.32227	55147	1	-1	1	0	0
1	100.35929	98.15131	99.40041	97.30207	1215.13269	5798.23877	281.14389	0.00000	1.00000	556.90631	6765.34033	55248	1	-1	1	0	0
1	100.27322	97.89129	99.34453	97.10551	1423.79126	7037.27051	283.81656	0.00000	1.00000	556.74548	7355.36279	55349	1	-1	1	0	0
1	100.11915	98.22342	99.27792	97.39129	1276.47229	7763.04639	314.72870	0.00000	1.00000	550.77942	8388.51660	55450	1	-1	1	0	0
1	100.16751	97.99346	99.30306	97.17127	1197.96619	4741.52148	253.88651	0.00000	1.00000	643.29828	5072.54492	55551	1	-1	1	0	0
1	100.31982	98.08793	99.41901	97.28036	1026.05383	6617.85449	324.18658	0.00000	1.00000	598.51532	7153.11914	55652	1	-1	1	0	0
1	100.10502	98.06819	99.25509	97.22607	1253.58130	5193.74854	259.83853	0.00000	1.00000	641.82666	5544.33350	55753	1	-1	1	0	0
1	100.18460	98.15350	99.35583	97.28554	940.90466	5374.09863	305.09857	0.00000	1.00000	613.96454	5852.88477	55854	1	-1	1	0	0
1	100.15338	98.10330	99.26659	97.20898	814.02850	4500.36475	303.68661	0.00000	1.00000	675.51263	5010.18408	55955	1	-1	1	0	0
1	100.37334	98.22725	99.39745	97.29390	916.17822	5109.56787	301.48605	0.00000	1.00000	654.10779	5739.30322	56056	1	-1	1	0	0
1	100.31552	98.18233	99.37864	97.24606	1667.68054	5251.96729	226.47960	0.00000	1.00000	653.69867	5700.53125	56157	1	-1	1	0	0
1	100.05109	98.16035	99.19088	97.26963	1301.59729	5185.95801	254.75395	0.00000	1.00000	680.67200	5777.19824	56258	1	-1	1	0	0
1	100.34206	98.06562	99.42880	97.20776	1124.12671	6397.12939	304.56604	0.00000	1.00000	617.27643	6874.08936	56359	1	-1	1	0	0
1	100.22877	98.14915	99.28917	97.33653	1241.99512	5454.99561	267.10236	0.00000	1.00000	615.53644	6209.58887	56460	1	-1	1	0	0
1	100.27285	97.88903	99.35191	97.16891	1256.97778	6242.44824	284.58118	0.00000	1.00000	549.17761	6735.55762	56561	1	-1	1	0	0
1	100.22147	97.96234	99.29884	97.21738	1594.45593	5534.03906	237.81731	0.00000	1.00000	674.92450	6035.88574	56662	1	-1	1	0	0
1	100.28926	98.17805	99.34769	97.34791	1172.95984	9102.53516	355.67960	0.00000	1.00000	480.99860	9552.03516	56763	1	-1	1	0	0
1	100.27925	98.00634	99.30242	97.18379	1283.38525	6780.36572	292.68512	0.00000	1.00000	594.95831	7586.04004	56864	1	-1	1	0	0
1	100.37461	98.10913	99.39407	97.26852	1478.90784	7502.56592	287.51013	0.00000	1.00000	590.82471	8291.38477	56965	1	-1	1	0	0
1	100.20347	98.14619	99.24207	97.28924	1554.45947	6650.07910	264.11069	0.00000	1.00000	606.40588	7242.85303	57066	1	-1	1	0	0
1	100.38074	98.03165	99.43050	97.16996	1514.25317	5834.07178	250.48668	0.00000	1.00000	624.91559	6647.11035	57167	1	-1	1	0	0
1	100.14449	98.24921	99.25735	97.34199	1124.29041	7972.35791	339.98444	0.00000	1.00000	494.43195	8423.20215	57268	1	-1	1	0	0
1	100.19298	98.10357	99.31705	97.18702	1200.06396	5280.49365	267.78146	0.00000	1.00000	643.59485	5962.12891	57369	1	-1	1	0	0
1	100.28830	98.21979	99.31300	97.26907	1146.59998	6642.54004	307.85052	0.00000	1.00000	599.28796	7149.80273	57470	1	-1	1	0	0
1	100.44794	98.26829	99.46923	97.29317	1257.47949	5326.15820	262.64108	0.00000	1.00000	645.35706	5630.07373	57571	1	-1	1	0	0
1	100.03568	98.14938	99.17699	97.24667	1073.33984	5872.84717	298.61920	0.00000	1.00000	601.58887	6712.28027	57672	1	-1	1	0	0
1	100.23254	98.04947	99.34762	97.17641	1566.15417	5760.37646	244.83374	0.00000	1.00000	644.23755	6222.05957	57773	1	-1	1	0	0
1	100.35451	98.25562	99.37082	97.30331	1663.76550	5373.97998	229.38603	0.00000	1.00000	620.05499	5974.62305	57874	1	-1	1	0	0
1	100.30539	98.25617	99.29768	97.28853	1148.44397	5279.66455	273.71915	0.00000	1.00000	625.89819	5761.54492	57975	1	-1	1	0	0
1	100.38023	98.10731	99.37992	97.20276	1328.23376	7454.30664	302.56329	0.00000	1.00000	557.81781	7964.55469	58076	1	-1	1	0	0
1	100.24589	98.15601	99.34064	97.29965	1248.03687	6775.84180	297.60886	0.00000	1.00000	569.71936	7627.01416	58177	1	-1	1	0	0
1	100.05843	98.01088	99.26324	97.12307	1260.32532	4988.80713	254.01898	0.00000	1.00000	639.31219	6240.19531	58278	1	-1	1	0	0
1	100.13263	98.38857	99.29550	97.39724	938.26447	9850.32031	413.63681	0.00000	1.00000	508.30045	9248.48926	58379	1	-1	1	0	0
1	100.34216	98.18082	99.39777	97.19640	868.09430	5309.71436	315.73599	0.00000	1.00000	645.33331	5728.66895	58480	1	-1	1	0	0
1	100.27242	98.19540	99.32986	97.25652	1316.36572	6215.09131	277.42203	0.00000	1.00000	574.43121	6729.21973	58581	1	-1	1	0	0
1	100.19489	98.19145	99.30583	97.20993	1043.42383	7020.69531	331.13742	0.00000	1.00000	529.08044	7663.98877	58682	1	-1	1	0	0
1	100.20744	98.35873	99.30314	97.33846	1041.39575	8949.41895	375.10999	0.00000	1.00000	481.95316	9083.17090	58783	1	-1	1	0	0
1	100.32289	98.17616	99.38578	97.22800	1071.64551	8562.48828	361.22672	0.00000	1.00000	476.45920	8948.51953	58884	1	-1	1	0	0
1	100.20607	98.08745	99.26414	97.17631	1007.60675	4144.93604	258.97836	0.00000	1.00000	726.65326	4566.67041	58985	1	-1	1	0	0
1	100.34866	98.30546	99.38320	97.36588	1068.37756	6904.30127	326.84299	0.00000	1.00000	612.22778	6964.30566	59086	1	-1	1	0	0
1	100.27004	98.06281	99.31966	97.17139	1108.31567	6103.46533	299.56860	0.00000	1.00000	585.57379	6696.65527	59187	1	-1	1	0	0
1	100.22507	98.14383	99.31407	97.25184	1099.26062	5169.54248	276.88025	0.00000	1.00000	603.37292	5490.67676	59288	1	-1	1	0	0
1	100.23723	98.22676	99.33649	97.29063	1506.41882	7579.86475	286.36142	0.00000	1.00000	604.47614	8192.09863	59389	1	-1	1	0	0
1	100.21616	98.15333	99.29446	97.24646	1264.86963	6294.74268	284.81985	0.00000	1.00000	615.04541	6744.86475	59490	1	-1	1	0	0
1	100.33270	98.10065	99.34646	97.25357	1368.67639	5707.61279	260.67432	0.00000	1.00000	621.28424	6463.89404	59591	1	-1	1	0	0
1	100.37745	98.04010	99.38812	97.23700	1058.67188	6903.77881	331.90454	0.00000	1.00000	589.55798	7271.05029	59692	1	-1	1	0	0
1	100.17896	98.03918	99.27503	97.28515	1472.25757	4232.62061	216.45245	0.00000	1.00000	638.75458	4755.13281	59793	1	-1	1	0	0
1	100.19380	97.90259	99.26507	97.18148	1189.12207	3747.97534	226.72124	0.00000	1.00000	687.09241	4455.69189	59894	1	-1	1	0	0
1	100.46695	98.05064	99.44738	97.27711	1211.80945	6814.61426	302.80350	0.00000	1.00000	556.01593	7018.60156	59995	1	-1	1	0	0
1	100.25964	98.09885	99.27148	97.26772	995.33014	4800.97119	280.43494	0.00000	1.00000	671.45172	5268.70703	60096	1	-1	1	0	0
1	100.27995	98.08351	99.30893	97.28182	1101.26160	8455.16113	353.71542	0.00000	1.00000	531.67883	8564.02930	60197	1	-1	1	0	0
1	100.37971	97.94579	99.35796	97.16356	1168.00671	6599.72412	303.28940	0.00000	1.00000	556.28796	7392.79883	60298	1	-1	1	0	0
1	100.36044	98.16582	99.33040	97.34010	1290.92041	4276.89453	232.44313	0.00000	1.00000	624.34418	4949.39355	60399	1	-1	1	0	0
1	100.33218	98.03039	99.32816	97.25124	1024.42688	7262.32959	339.92017	0.00000	1.00000	574.23553	7510.11377	60500	1	-1	1	0	0
